65
5089 7407 1785197717173513
37177 52260 3627623246300954
74116 111994 1493371909130523
7 7 6977204123379581
9334 14595 5458585253152592
1 1 3771679948420674
74036 112850 549053549625598
3 5 840843200459482
9545048558841825 6899255672076999 9272818149758853
2 3 1
63664 95087 9775891537969006
19749 37179 1140508669256069
4 6 7754441745231444
5 8 550103143310362
26597 37816 4245730305851899
2 2 5384712727499747
725831654114702 4541733210835335 2742887072719959
13988 25555 2154753727553324
1 1 6044898352400565
7 12 6439637337963783
314 512 1024
4 7 6988873275022466
9 9 2395440648063235
2407 4810 850600912749360
8272 10247 5338458442301888
60280 106158 382504020903546
48878 70096 1422160026469748
9 10 9259928947805118
7861 11257 5477539912208008
5 1 100
1000000000000 1 1
2 3 2
314 512 133769420
2 3 5
6761462000443010 904477908128201 3043816924959190
259149987802241 6689368820300403 3534721002568495
4 6 2271224666368145
1 1000000000000 1
13973 26419 3513626523439425
4 4 1760792368134037
99838 101928 3638110057611840
2 2 9825445613196928
10 13 11234567890
1 3 100
3865717696012301 6136029900710052 3321279115901350
64922 110795 4504704366599950
4 4 4198590241362000
1000000000000 1 1000000000000
9 15 5802491041437611
6 9 497087563
19716 29416 841088842498107
9 17 7379218941168776
25878 28689 9188723367817961
6 6 3465509398779757
10 13 3337041873753082
49127 75508 3693288613316216
9966606336937688 9740005473217677 583445907010364
6 9 2903294259185990
1 1000000000000 1000000000000
10 13 8839845532190096
10 13 8689503031950123
1 1 1000000000000
52245 85277 3528041057867931
5 7 4495587747091262
2 3 9429605562755370
