500
999999999 999999999 3 1
2 999999999 1 354427649
2 2 1 1
999999999 100 3 1
3 999999999 2 217585714
3 1000000000 2 3
999999999 919338507 247646166 1
4 100 3 2
1000000000 100 999999999 3
2 1000000000 1 1
999999999 100 3 2
4 1000000000 2 1
3 100 1 1
759115178 100 3 1
1000000000 3 2 1
100 1000000000 3 3
779009402 100 3 3
1000000000 2 3 1
4 2 2 1
4 100 2 99
4 4 2 2
100 616551719 3 3
1000000000 1000000000 245797795 1
999999999 306100163 2 1
999999999 130079639 121158886 3
999999999 2 3 1
1000000000 1000000000 1 1
4 2 3 1
372315310 428364244 1 1
1000000000 4 3 2
4 308024713 3 2
100 1000000000 1 3
3 4 2 2
999999999 3 2 1
999999999 100 999999998 99
1000000000 999999999 90055928 1
1000000000 1000000000 1 999999999
3 1000000000 1 638408569
1000000000 100 2 16
4 1000000000 1 3
66434218 3 2 2
999999999 4 2 3
2 251894516 1 3
4 100 1 99
4 999999999 3 999999998
2 4 1 3
632902334 4 3 3
4 3 1 1
3 100 1 3
100 999999999 99 1
100 999999999 1 3
690839093 999999999 2 3
126406469 999999999 3 3
4 100 2 1
4 1000000000 1 809590669
1000000000 100 3 2
999999999 999999999 999999998 1
100 2 2 1
999999999 1000000000 1 1
100 100 2 2
999999999 4 888595089 3
4 4 3 3
1000000000 1000000000 2 3
100 100 3 1
159636198 2 132750702 1
4 4 1 2
377279890 1000000000 2 469488179
999999999 1000000000 488516079 1
699118378 100 371255050 53
100 3 2 1
474573491 100 2 2
100 1000000000 3 999999999
4 100 3 99
100 39439397 2 35075686
903145896 4 200741956 3
100 4 2 1
100 999999999 2 3
3 100 1 64
3 999999999 2 930212147
4 100 2 2
3 982500203 1 839934728
4 999999999 1 2
100 1000000000 1 1
999999999 3 1 1
999999999 1000000000 999999998 999999999
100 999999999 99 3
3 999999999 1 999999998
621335426 20082604 2 3
4 1000000000 1 1
100 999999999 3 3
3 565428755 1 2
999999999 4 999999998 2
1000000000 3 999999999 2
100 1000000000 2 999999999
100 999999999 2 2
4 1000000000 3 999999999
4 21218471 2 2
4 1000000000 3 2
999999999 1000000000 534911742 345724526
4 345870621 1 11170728
999999999 4 1 1
999999999 1000000000 999999998 1
598618548 1000000000 1 2
100 3 99 1
241065083 1000000000 1 1
1000000000 1000000000 2 1
270079655 4 13920983 1
2 100 1 2
3 100 2 2
1000000000 999999999 2 2
1000000000 1000000000 301408972 2
3 999999999 2 3
1000000000 2 592728920 1
4 3 1 2
100 3 99 2
3 3 2 2
100 1000000000 3 2
999999999 1000000000 999999998 3
3 999999999 2 478452455
3 560442205 2 3
100 4 99 3
2 477765917 1 413635441
4 625855660 3 1
1000000000 3 1 1
999999999 3 976671636 2
268284003 3 3 1
100 1000000000 99 3
569981406 4 2 2
999999999 999999999 999999998 3
586838884 999999999 2 2
1000000000 1000000000 999999999 3
100 2 22 1
999999999 1000000000 3 999999999
100 2 99 1
999999999 4 627313199 3
1000000000 84082569 375561153 2
999999999 1000000000 999999998 2
704993648 595827515 1 3
201238540 100 49757290 14
422251405 1000000000 332267304 3
3 999999999 1 3
999999999 4 1 3
1000000000 999999999 1 2
100 100 99 1
4 4 1 1
3 348674172 2 208198940
365482087 971250614 97597 28576180
999999999 3 999999998 2
999999999 100 2 11
513324740 2 1 1
100 100 3 99
1000000000 100 1 1
1000000000 100 1 3
3 100 1 2
135818523 100 127108945 1
3 999999999 2 2
3 3 1 2
1000000000 4 1 2
1000000000 100 2 2
3 100 2 99
3 1000000000 2 999999999
874810763 1000000000 1 903855415
4 1000000000 2 812085677
100 999999999 72 3
3 999999999 2 1
999999999 100 1 3
4 3 3 2
100 3 2 2
1000000000 999999999 1 1
100 999999999 1 999999998
4 100 2 3
999999999 999999999 3 3
100 4 3 3
259765240 2 1 1
3 1000000000 1 3
475576299 79599546 62711377 1
1000000000 999999999 999999999 999999998
100 100 1 99
57695794 1000000000 17394064 1
630783940 100 3 2
4 999999999 1 999999998
999999999 1000000000 2 1
100 999999999 83 1
1000000000 4 2 2
100 100 3 2
207868204 1000000000 2 225202610
999999999 1000000000 3 2
999999999 1000000000 3 3
100 3 3 2
1000000000 1000000000 3 3
269564282 100 1 3
100 100 99 3
100 999999999 1 4861357
1000000000 445823784 2 2
999999999 1000000000 2 999999999
2 999999999 1 999999998
100 100 2 1
999999999 999999999 1 1
1000000000 999999999 2 1
3 4 2 3
100 999999999 3 607160337
1000000000 999999999 3 3
1000000000 4 999999999 2
914040527 100 1 2
100 4 2 3
999999999 3 618585901 2
4 1000000000 2 999999999
4 999999999 1 3
1000000000 100 2 27
2 3 1 1
999999999 999999999 1 2
1000000000 100 1 99
4 1000000000 1 2
1000000000 1000000000 999999999 1
826551905 100 1 49
671771882 1000000000 458242975 1
1000000000 999999999 999999999 3
1000000000 3 1 2
3 387806766 2 3
1000000000 100 3 3
2 1000000000 1 2
803061495 4 3 3
999999999 999999999 2 3
1000000000 1000000000 1 2
3 637320062 1 460765579
1000000000 100 999999999 2
100 999999999 1 1
1000000000 100 1 2
4 1000000000 3 1
999999999 4 1 2
1000000000 1000000000 2 999999999
351511977 1000000000 3 1
100 1000000000 1 2
3 999999999 1 701097245
999999999 100 1 99
999999999 1000000000 1 999999999
1000000000 999999999 2 756841576
1000000000 100 999999999 99
100 1000000000 3 1
999999999 4 2 1
1000000000 100 2 1
4 999999999 1 1
1000000000 1000000000 999999999 2
100 100 3 48
3 929445484 2 1
100 999999999 99 2
499812538 999999999 1 1
2 611627491 1 2
100 100 99 99
999999999 4 3 2
3 2 2 1
4 100 2 91
1000000000 1000000000 990110168 2
4 999999999 2 3
1000000000 3 3 2
3 1000000000 1 1
4 100 3 1
3 190048202 1 3
999999999 999999999 1 3
1000000000 352351844 795508322 1
100 100 1 1
100 351514573 1 3
100 1000000000 2 1
1000000000 4 1 3
100 999999999 5 3
4 999999999 3 3
2 999999999 1 2
3 1000000000 2 1
606735969 100 574575067 9
2 1000000000 1 3
100 4 2 2
999999999 100 3 3
1000000000 2 2 1
999999999 153855548 3 2
999999999 100 1 2
1000000000 100 3 62
3 999999999 1 1
713458743 999999999 1 232415301
377173489 999999999 3 1
2 1000000000 1 999999999
999999999 999999999 3 361042743
4 100 1 1
100 999999999 99 999999998
1000000000 4 3 3
992439437 2 2 1
100 999999999 3 1
1000000000 748176992 2 3
999999999 3 132294377 2
588778144 302958057 3 3
1000000000 723284552 647366837 1
999999999 100 999999998 2
999999999 999999999 2 999999998
100 999999999 2 1
1000000000 1000000000 3 1
3 3 1 1
999999999 100 1 1
2 4 1 1
6565870 999999999 5153895 286487589
1000000000 1000000000 3 999999999
4 3 2 2
2 999999999 1 3
1000000000 999999999 3 2
4 999999999 2 999999998
1000000000 1000000000 1 3
100 999999999 1 2
1000000000 999999999 1 3
3 1000000000 1 197472206
1000000000 889034323 2 585497466
999999999 100 2 99
100 1000000000 99 1
1000000000 100 99694839 3
100 4 99 1
1000000000 2 1 1
452792670 1000000000 2 115192647
999999999 4 3 1
4 1000000000 3 3
1000000000 999999999 999999999 1
4 4 2 1
999999999 3 999999998 1
404696558 1000000000 344580310 355699065
3 440178503 1 1
999999999 4 90975763 3
2 475952396 1 3
2 100 1 3
1000000000 100 3 1
4 999999999 3 1
1000000000 4 3 1
100 100 99 2
4 999999999 2 2
100 4 3 2
1000000000 999999999 1 999999998
2 999999999 1 1
100 397986566 65 2
100 1000000000 99 999999999
1000000000 999999999 999999999 2
19089712 3 3 1
999999999 489345280 108542079 3
100 999999999 3 999999998
999999999 999999999 1 999999998
999999999 3 768481208 2
1000000000 3 999999999 1
3 1000000000 2 2
275678673 999999999 1 1
4 3 2 1
999999999 999999999 999999998 2
755742919 1000000000 2 2
999999999 100 2 1
515006471 3 3 2
3 4 1 1
1000000000 999999999 2 3
251333014 100 1 2
4 4 1 3
999999999 3 3 1
100 2 1 1
999999999 1000000000 1 3
804684832 197217720 1 153175513
999999999 999999999 3 999999998
3 1000000000 1 2
4 100 2 71
999999999 999999999 2 1
3 4 2 1
2 501785784 1 334445275
843094006 3 3 1
100 1000000000 99 2
1000000000 1000000000 2 2
100 1000000000 1 999999999
3 2 1 1
904027769 100 278679397 3
1000000000 760355100 2 1
249097053 100 3 2
1000000000 100 872721048 64
100 999999999 2 999999998
999999999 100 999999998 1
999999999 999999999 2 2
999999999 999999999 3 97982365
2 590064564 1 410727603
999999999 2 999999998 1
2 3 1 2
4 4 3 2
999999999 1000000000 3 1
3 4 1 2
2 100 1 99
4 999999999 2 1
999999999 1000000000 2 3
1000000000 1000000000 244626410 3
4 2 1 1
100 305987626 2 48247012
100 4 1 3
977912389 734778827 532290378 1
100 2 3 1
568263512 100 2 43
999999999 2 2 1
3 100 2 1
999999999 999999999 3 2
999999999 3 3 2
2 100 1 1
3 3 2 1
999999999 100 999999998 3
999999999 100 2 3
999999999 1000000000 2 2
804494411 2 1 1
1000000000 100 3 99
1000000000 999999999 2 47219043
999999999 4 3 3
1000000000 916764387 127932786 3
4 4 2 3
100 3 98 2
1000000000 1000000000 1 4469475
100 999999999 3 2
4 410312616 3 176330867
100 1000000000 2 3
100 4 84 3
999999999 1000000000 3 233117279
100 3 1 2
998645846 2 2 1
1000000000 100 999999999 1
1000000000 3 198570665 2
999999999 100 2 2
4 292678792 1 2
900930753 3 3 1
100 3 3 1
999999999 4 999999998 1
100 470997877 1 2
3 100 1 99
999999999 2 1 1
1000000000 2 999999999 1
100 4 1 1
1000000000 999999999 3 1
163592637 549432548 2 110629430
1000000000 4 2 3
100 3 1 1
100 1000000000 3 875437474
100 2 9 1
100 4 1 2
100 1000000000 2 2
4 999999999 3 2
2 1000000000 1 621800414
100 100 70 2
999999999 3 2 2
1000000000 4 999999999 3
945684593 999999999 725490874 3
1000000000 3 2 2
1000000000 100 2 99
1000000000 1000000000 999999999 999999999
1000000000 527180352 2 1
4 100 1 3
702326696 999999999 3 1
1000000000 4 1 1
3 402700402 2 1
100 100 3 3
4 911940777 2 39960172
160776118 100 1 1
100 999999999 1 913663288
2 243229745 1 59406209
4 100 3 3
999999999 100 3 99
1000000000 999999999 3 999999998
999999999 999999999 1 713021361
100 916630865 1 2
100 4 3 1
427727826 1000000000 3 1
999999999 1000000000 1 2
4 1000000000 2 3
3 999999999 1 2
997867345 170075009 374134420 2
100 100 2 99
3 100 2 3
4 413460114 3 2
1000000000 1000000000 3 2
4 4 3 1
100 100 1 2
4 1000000000 1 999999999
100 4 99 2
4 3 3 1
1000000000 3 3 1
588175668 2 2 1
999999999 3 1 2
100 100 2 3
400638252 4 3 2
2 43534587 1 1
999999999 4 2 2
100 100 1 3
2 270189690 1 1
4 1000000000 2 2
3 999999999 2 999999998
1000000000 4 999999999 1
4 100 1 2
1000000000 4 2 1
4 867643142 2 2
543383962 764857696 2 41522173
999999999 1000000000 2 724564983
3 1000000000 1 999999999
1000000000 100 2 3
3 4 1 3
999999999 999999999 999999998 999999998
1000000000 100 450060632 3
100 999999999 57 187975571
1000000000 999999999 2 999999998
999999999 4 999999998 3
2 4 1 2
