Case #1: 24 2 2 2 3 3 3 3 7 1 1 1 1 1 1 1 1 1 1 1 1 1 1 1 1
Case #2: 10 2 2 2 2 2 3 7 19 1 1
Case #3: 13 7 11 13 1 1 1 1 1 1 1 1 1 1
Case #4: -1
Case #5: 19 2 2 2 2 2 2 2 2 3 3 5 7 1 1 1 1 1 1 1
Case #6: -1
Case #7: 20 2 2 2 5 5 11 1 1 1 1 1 1 1 1 1 1 1 1 1 1
Case #8: 20 2 3 3 3 3 7 7 1 1 1 1 1 1 1 1 1 1 1 1 1
Case #9: 18 2 2 2 2 2 3 3 3 3 3 5 5 1 1 1 1 1 1
Case #10: 14 2 3 3 3 5 5 13 1 1 1 1 1 1 1
Case #11: 33 2 2 3 5 1 1 1 1 1 1 1 1 1 1 1 1 1 1 1 1 1 1 1 1 1 1 1 1 1 1 1 1 1
Case #12: -1
Case #13: 15 2 2 2 2 3 3 3 3 3 3 5 7 1 1 1
Case #14: 24 2 2 2 3 3 3 5 5 1 1 1 1 1 1 1 1 1 1 1 1 1 1 1 1
Case #15: 15 2 2 3 3 5 7 11 1 1 1 1 1 1 1 1
Case #16: -1
Case #17: 14 2 2 2 3 3 3 3 7 11 1 1 1 1 1
Case #18: 17 2 2 3 3 3 3 5 5 7 1 1 1 1 1 1 1 1
Case #19: 28 2 2 2 2 2 3 7 1 1 1 1 1 1 1 1 1 1 1 1 1 1 1 1 1 1 1 1 1
Case #20: 21 3 3 3 3 3 3 3 3 5 1 1 1 1 1 1 1 1 1 1 1 1
Case #21: 16 2 2 2 2 2 3 3 7 11 1 1 1 1 1 1 1
Case #22: 29 2 2 3 3 3 5 1 1 1 1 1 1 1 1 1 1 1 1 1 1 1 1 1 1 1 1 1 1 1
Case #23: 20 2 2 2 3 3 5 11 1 1 1 1 1 1 1 1 1 1 1 1 1
Case #24: 19 2 2 3 3 5 5 5 5 1 1 1 1 1 1 1 1 1 1 1
Case #25: 19 2 2 2 2 2 2 2 2 2 2 3 5 7 1 1 1 1 1 1
Case #26: 21 2 2 3 5 7 7 1 1 1 1 1 1 1 1 1 1 1 1 1 1 1
Case #27: 12 2 2 2 2 2 3 5 7 13 1 1 1
Case #28: 26 2 2 2 2 2 3 3 7 1 1 1 1 1 1 1 1 1 1 1 1 1 1 1 1 1 1
Case #29: 14 2 2 2 3 3 3 3 17 1 1 1 1 1 1
Case #30: 26 2 2 2 2 2 2 2 3 3 5 1 1 1 1 1 1 1 1 1 1 1 1 1 1 1 1
Case #31: 18 2 2 2 2 2 2 2 3 3 3 11 1 1 1 1 1 1 1
Case #32: -1
Case #33: 20 2 2 2 2 2 3 3 3 3 3 3 5 1 1 1 1 1 1 1 1
Case #34: 24 2 2 2 2 2 3 3 5 5 1 1 1 1 1 1 1 1 1 1 1 1 1 1 1
Case #35: 23 7 13 1 1 1 1 1 1 1 1 1 1 1 1 1 1 1 1 1 1 1 1 1
Case #36: -1
Case #37: 14 2 3 3 3 3 3 3 3 5 5 5 1 1 1
Case #38: 15 2 2 2 2 2 2 3 3 5 13 1 1 1 1 1
Case #39: -1
Case #40: -1
Case #41: 18 2 2 2 2 2 2 2 3 3 7 7 1 1 1 1 1 1 1
Case #42: 19 2 2 2 2 3 3 3 3 3 3 7 1 1 1 1 1 1 1 1
Case #43: 26 2 2 2 13 1 1 1 1 1 1 1 1 1 1 1 1 1 1 1 1 1 1 1 1 1 1
Case #44: 29 2 2 3 5 5 1 1 1 1 1 1 1 1 1 1 1 1 1 1 1 1 1 1 1 1 1 1 1 1
Case #45: -1
Case #46: 36 2 2 2 3 1 1 1 1 1 1 1 1 1 1 1 1 1 1 1 1 1 1 1 1 1 1 1 1 1 1 1 1 1 1 1 1
Case #47: 8 2 2 2 3 13 17 1 1
Case #48: -1
Case #49: 17 2 2 3 3 3 3 3 5 5 5 1 1 1 1 1 1 1
Case #50: 28 2 2 2 2 2 3 3 5 1 1 1 1 1 1 1 1 1 1 1 1 1 1 1 1 1 1 1 1
Case #51: -1
Case #52: 38 2 3 1 1 1 1 1 1 1 1 1 1 1 1 1 1 1 1 1 1 1 1 1 1 1 1 1 1 1 1 1 1 1 1 1 1 1 1
Case #53: 24 2 2 2 2 2 2 2 2 2 2 2 2 2 3 3 1 1 1 1 1 1 1 1 1
Case #54: 18 2 2 2 2 2 3 3 3 3 11 1 1 1 1 1 1 1 1
Case #55: -1
Case #56: 17 2 2 3 5 5 13 1 1 1 1 1 1 1 1 1 1 1
Case #57: -1
Case #58: 23 3 3 3 5 5 5 1 1 1 1 1 1 1 1 1 1 1 1 1 1 1 1 1
Case #59: 14 2 2 2 2 2 2 2 3 5 5 5 7 1 1
Case #60: 16 2 2 2 2 2 2 2 3 3 3 13 1 1 1 1 1
Case #61: 22 2 2 2 2 2 2 2 2 2 5 7 1 1 1 1 1 1 1 1 1 1 1
Case #62: 29 2 2 2 2 2 2 2 2 3 3 1 1 1 1 1 1 1 1 1 1 1 1 1 1 1 1 1 1 1
Case #63: 19 2 2 2 2 2 2 2 2 3 3 3 3 7 1 1 1 1 1 1
Case #64: 23 3 3 3 3 3 5 5 1 1 1 1 1 1 1 1 1 1 1 1 1 1 1 1
Case #65: 16 2 2 2 2 2 3 3 3 3 13 1 1 1 1 1 1
Case #66: 20 2 2 2 2 2 2 2 2 2 2 2 2 2 3 7 1 1 1 1 1
Case #67: 17 2 2 2 2 2 2 3 3 3 3 3 5 5 1 1 1 1
Case #68: 20 2 2 2 2 2 3 5 5 7 1 1 1 1 1 1 1 1 1 1 1
Case #69: 19 2 2 2 2 2 2 3 3 3 3 5 5 1 1 1 1 1 1 1
Case #70: 20 2 2 2 2 2 2 2 2 2 2 2 3 3 3 5 1 1 1 1 1
Case #71: 17 2 2 3 3 3 3 3 3 3 3 3 5 1 1 1 1 1
Case #72: 12 2 2 2 3 3 3 5 5 13 1 1 1
Case #73: 27 2 2 13 1 1 1 1 1 1 1 1 1 1 1 1 1 1 1 1 1 1 1 1 1 1 1 1
Case #74: 16 2 2 2 2 2 3 3 5 13 1 1 1 1 1 1 1
Case #75: 17 2 2 2 2 5 5 13 1 1 1 1 1 1 1 1 1 1
Case #76: 27 2 2 3 3 3 3 5 1 1 1 1 1 1 1 1 1 1 1 1 1 1 1 1 1 1 1 1
Case #77: 28 2 2 2 3 3 7 1 1 1 1 1 1 1 1 1 1 1 1 1 1 1 1 1 1 1 1 1 1
Case #78: 25 3 3 7 7 1 1 1 1 1 1 1 1 1 1 1 1 1 1 1 1 1 1 1 1 1
Case #79: -1
Case #80: -1
Case #81: -1
Case #82: 21 2 2 2 2 2 2 2 2 2 2 3 5 5 1 1 1 1 1 1 1 1
Case #83: 14 2 2 2 3 3 5 5 13 1 1 1 1 1 1
Case #84: -1
Case #85: 17 2 2 2 2 2 2 3 3 5 5 7 1 1 1 1 1 1
Case #86: 24 2 17 1 1 1 1 1 1 1 1 1 1 1 1 1 1 1 1 1 1 1 1 1 1
Case #87: -1
Case #88: 16 2 2 2 2 2 3 3 3 3 3 5 7 1 1 1 1
Case #89: 25 2 2 2 2 2 2 2 2 2 2 2 2 5 1 1 1 1 1 1 1 1 1 1 1 1
Case #90: 23 2 2 2 2 3 3 5 7 1 1 1 1 1 1 1 1 1 1 1 1 1 1 1
Case #91: 29 3 3 3 7 1 1 1 1 1 1 1 1 1 1 1 1 1 1 1 1 1 1 1 1 1 1 1 1 1
Case #92: -1
Case #93: -1
Case #94: 15 2 2 2 2 2 2 3 3 3 5 5 7 1 1 1
Case #95: 15 2 2 2 2 3 3 3 3 5 5 7 1 1 1 1
Case #96: 18 2 2 2 2 2 3 3 3 5 5 5 1 1 1 1 1 1 1
Case #97: 20 2 2 2 3 3 3 3 5 7 1 1 1 1 1 1 1 1 1 1 1
Case #98: 16 2 2 2 2 2 2 2 2 2 3 5 11 1 1 1 1
Case #99: 14 2 2 2 3 3 3 3 5 13 1 1 1 1 1
Case #100: 25 2 2 3 3 3 3 3 3 3 1 1 1 1 1 1 1 1 1 1 1 1 1 1 1 1
Case #101: -1
Case #102: 12 2 2 2 3 7 7 7 7 1 1 1 1
Case #103: -1
Case #104: 15 2 2 2 2 2 2 3 5 5 11 1 1 1 1 1
Case #105: -1
Case #106: -1
Case #107: 19 2 2 2 2 3 3 3 3 3 3 3 3 3 1 1 1 1 1 1
Case #108: 7 5 5 11 17 1 1 1
Case #109: 32 2 3 7 1 1 1 1 1 1 1 1 1 1 1 1 1 1 1 1 1 1 1 1 1 1 1 1 1 1 1 1 1
Case #110: 17 2 2 2 2 2 2 2 2 2 2 3 13 1 1 1 1 1
Case #111: 24 2 2 2 2 2 3 11 1 1 1 1 1 1 1 1 1 1 1 1 1 1 1 1 1
Case #112: 19 2 2 2 2 2 2 3 3 5 5 5 1 1 1 1 1 1 1 1
Case #113: 13 2 2 3 3 5 7 13 1 1 1 1 1 1
Case #114: 19 2 2 2 2 2 2 3 5 11 1 1 1 1 1 1 1 1 1 1
Case #115: 26 2 2 2 2 2 3 5 5 1 1 1 1 1 1 1 1 1 1 1 1 1 1 1 1 1 1
Case #116: 26 2 2 2 3 3 3 3 5 1 1 1 1 1 1 1 1 1 1 1 1 1 1 1 1 1 1
Case #117: 18 2 2 2 3 3 3 3 5 5 5 1 1 1 1 1 1 1 1
Case #118: -1
Case #119: 37 5 1 1 1 1 1 1 1 1 1 1 1 1 1 1 1 1 1 1 1 1 1 1 1 1 1 1 1 1 1 1 1 1 1 1 1 1
Case #120: 21 2 2 2 2 2 2 2 2 2 2 2 2 2 2 3 5 1 1 1 1 1
Case #121: 25 2 2 2 2 2 2 3 3 7 1 1 1 1 1 1 1 1 1 1 1 1 1 1 1 1
Case #122: 16 2 3 3 5 17 1 1 1 1 1 1 1 1 1 1 1
Case #123: 21 2 2 3 3 3 3 5 7 1 1 1 1 1 1 1 1 1 1 1 1 1
Case #124: 17 2 2 2 2 2 2 3 3 3 3 11 1 1 1 1 1 1
Case #125: 17 2 2 2 2 5 5 5 5 5 1 1 1 1 1 1 1 1
Case #126: 23 2 2 2 2 2 2 2 2 2 2 3 7 1 1 1 1 1 1 1 1 1 1 1
Case #127: 36 2 2 2 2 2 1 1 1 1 1 1 1 1 1 1 1 1 1 1 1 1 1 1 1 1 1 1 1 1 1 1 1 1 1 1 1
Case #128: -1
Case #129: 19 2 2 2 2 2 2 3 3 3 3 3 7 1 1 1 1 1 1 1
Case #130: 26 2 2 2 2 2 2 2 2 2 2 2 2 2 3 1 1 1 1 1 1 1 1 1 1 1 1
Case #131: 23 2 2 2 2 2 2 3 3 5 5 1 1 1 1 1 1 1 1 1 1 1 1 1
Case #132: -1
Case #133: -1
Case #134: 30 2 11 1 1 1 1 1 1 1 1 1 1 1 1 1 1 1 1 1 1 1 1 1 1 1 1 1 1 1 1
Case #135: 14 2 2 2 2 2 2 2 3 7 13 1 1 1 1
Case #136: -1
Case #137: 28 2 2 2 3 3 3 3 3 1 1 1 1 1 1 1 1 1 1 1 1 1 1 1 1 1 1 1 1
Case #138: 15 2 2 2 2 3 5 5 5 5 5 1 1 1 1 1
Case #139: 21 2 2 2 2 3 3 3 3 3 3 5 1 1 1 1 1 1 1 1 1 1
Case #140: 23 2 2 2 2 2 2 2 2 2 2 2 2 7 1 1 1 1 1 1 1 1 1 1
Case #141: 16 2 2 2 2 2 2 2 2 2 3 5 5 7 1 1 1
Case #142: 18 2 2 2 2 2 2 2 3 5 5 7 1 1 1 1 1 1 1
Case #143: 14 2 2 2 2 2 2 2 3 3 5 13 1 1 1
Case #144: 24 2 2 2 2 2 2 2 3 3 3 3 3 1 1 1 1 1 1 1 1 1 1 1 1
Case #145: 12 2 2 2 3 5 5 5 5 5 5 1 1
Case #146: 13 2 2 2 2 2 2 3 11 11 1 1 1 1
Case #147: 19 2 2 2 2 2 2 3 5 5 7 1 1 1 1 1 1 1 1 1
Case #148: 27 3 3 3 3 7 1 1 1 1 1 1 1 1 1 1 1 1 1 1 1 1 1 1 1 1 1 1
Case #149: 18 2 3 3 3 7 11 1 1 1 1 1 1 1 1 1 1 1 1
Case #150: 26 2 2 2 2 2 2 2 2 2 2 2 2 2 2 2 1 1 1 1 1 1 1 1 1 1 1
Case #151: 25 2 2 2 2 5 5 5 1 1 1 1 1 1 1 1 1 1 1 1 1 1 1 1 1 1
Case #152: 16 2 2 2 2 2 3 3 3 3 7 7 1 1 1 1 1
Case #153: -1
Case #154: 15 2 2 3 3 3 3 3 3 3 11 1 1 1 1 1
Case #155: 16 2 2 2 2 2 2 2 2 2 2 2 3 7 7 1 1
Case #156: 16 2 2 2 2 2 2 2 3 3 3 7 7 1 1 1 1
Case #157: 24 2 2 2 2 2 3 5 7 1 1 1 1 1 1 1 1 1 1 1 1 1 1 1 1
Case #158: 14 2 2 2 2 2 3 3 3 3 5 11 1 1 1
Case #159: 18 2 2 2 2 2 2 2 2 2 3 3 3 3 3 5 1 1 1
Case #160: 22 2 2 2 2 2 3 7 7 1 1 1 1 1 1 1 1 1 1 1 1 1 1
Case #161: 30 2 2 2 2 2 7 1 1 1 1 1 1 1 1 1 1 1 1 1 1 1 1 1 1 1 1 1 1 1 1
Case #162: 24 2 2 2 2 2 2 2 5 7 1 1 1 1 1 1 1 1 1 1 1 1 1 1 1
Case #163: 23 2 2 2 2 3 7 7 1 1 1 1 1 1 1 1 1 1 1 1 1 1 1 1
Case #164: 16 2 2 2 2 2 3 3 3 5 5 7 1 1 1 1 1
Case #165: -1
Case #166: 14 2 2 2 2 2 3 5 5 13 1 1 1 1 1
Case #167: -1
Case #168: -1
Case #169: 24 2 2 2 3 3 5 7 1 1 1 1 1 1 1 1 1 1 1 1 1 1 1 1 1
Case #170: 20 2 2 2 2 2 3 3 7 7 1 1 1 1 1 1 1 1 1 1 1
Case #171: 14 2 2 2 5 5 7 11 1 1 1 1 1 1 1
Case #172: 17 2 2 3 3 3 3 3 7 7 1 1 1 1 1 1 1 1
Case #173: 20 2 2 2 2 2 3 3 3 5 7 1 1 1 1 1 1 1 1 1 1
Case #174: 31 3 3 7 1 1 1 1 1 1 1 1 1 1 1 1 1 1 1 1 1 1 1 1 1 1 1 1 1 1 1 1
Case #175: 17 2 2 2 2 3 7 7 7 1 1 1 1 1 1 1 1 1
Case #176: 15 2 2 3 3 3 3 5 5 5 5 1 1 1 1 1
Case #177: 12 2 3 3 3 3 3 3 5 13 1 1 1
Case #178: 25 3 3 3 3 3 7 1 1 1 1 1 1 1 1 1 1 1 1 1 1 1 1 1 1 1
Case #179: 40 2 1 1 1 1 1 1 1 1 1 1 1 1 1 1 1 1 1 1 1 1 1 1 1 1 1 1 1 1 1 1 1 1 1 1 1 1 1 1 1
Case #180: 3 11 13 17
Case #181: -1
Case #182: -1
Case #183: 21 2 2 2 2 3 3 3 3 3 3 3 3 1 1 1 1 1 1 1 1 1
Case #184: 17 2 2 2 2 3 3 3 5 5 7 1 1 1 1 1 1 1
Case #185: 19 2 2 2 2 2 2 2 2 3 5 5 5 1 1 1 1 1 1 1
Case #186: 18 2 2 2 2 2 3 3 3 3 3 3 3 5 1 1 1 1 1
Case #187: 18 2 2 2 2 2 2 2 2 2 2 2 3 5 7 1 1 1 1
Case #188: 26 2 2 2 2 2 2 2 3 3 3 3 1 1 1 1 1 1 1 1 1 1 1 1 1 1 1
Case #189: -1
Case #190: 25 2 2 2 2 2 2 2 2 2 2 2 2 2 2 2 2 1 1 1 1 1 1 1 1 1
Case #191: 26 2 2 2 3 3 5 5 1 1 1 1 1 1 1 1 1 1 1 1 1 1 1 1 1 1 1
Case #192: 26 2 2 2 2 2 3 3 3 5 1 1 1 1 1 1 1 1 1 1 1 1 1 1 1 1 1
Case #193: 17 2 2 2 2 2 2 2 2 3 3 3 3 5 5 1 1 1
Case #194: 10 2 3 3 5 5 7 13 1 1 1
Case #195: 35 2 2 2 2 2 2 1 1 1 1 1 1 1 1 1 1 1 1 1 1 1 1 1 1 1 1 1 1 1 1 1 1 1 1 1
Case #196: 18 2 2 2 2 2 3 3 3 13 1 1 1 1 1 1 1 1 1
Case #197: 16 2 2 2 3 3 5 5 11 1 1 1 1 1 1 1 1
Case #198: -1
Case #199: 21 3 3 5 5 5 5 1 1 1 1 1 1 1 1 1 1 1 1 1 1 1
Case #200: 29 5 5 5 1 1 1 1 1 1 1 1 1 1 1 1 1 1 1 1 1 1 1 1 1 1 1 1 1 1
Case #201: 18 2 3 3 3 5 7 7 1 1 1 1 1 1 1 1 1 1 1
Case #202: 14 2 2 2 2 2 3 3 5 5 11 1 1 1 1
Case #203: 7 5 7 7 19 1 1 1
Case #204: 20 2 2 2 2 2 3 5 11 1 1 1 1 1 1 1 1 1 1 1 1
Case #205: 22 2 2 2 3 3 3 11 1 1 1 1 1 1 1 1 1 1 1 1 1 1 1
Case #206: -1
Case #207: 19 2 2 3 3 3 3 7 7 1 1 1 1 1 1 1 1 1 1 1
Case #208: 22 2 2 2 3 3 7 7 1 1 1 1 1 1 1 1 1 1 1 1 1 1 1
Case #209: 21 2 2 3 3 3 5 5 5 1 1 1 1 1 1 1 1 1 1 1 1 1
Case #210: 20 2 2 2 2 2 2 2 3 3 11 1 1 1 1 1 1 1 1 1 1
Case #211: 21 2 2 3 3 3 3 3 3 3 5 1 1 1 1 1 1 1 1 1 1 1
Case #212: 35 2 2 2 2 3 1 1 1 1 1 1 1 1 1 1 1 1 1 1 1 1 1 1 1 1 1 1 1 1 1 1 1 1 1 1
Case #213: 16 2 2 2 2 2 2 2 5 5 5 7 1 1 1 1 1
Case #214: -1
Case #215: 25 3 3 3 3 3 3 5 1 1 1 1 1 1 1 1 1 1 1 1 1 1 1 1 1 1
Case #216: -1
Case #217: 23 2 2 2 2 2 2 2 2 2 2 2 2 2 2 5 1 1 1 1 1 1 1 1
Case #218: 21 2 2 2 2 2 2 2 2 3 11 1 1 1 1 1 1 1 1 1 1 1
Case #219: 24 2 2 2 2 2 2 2 2 2 5 5 1 1 1 1 1 1 1 1 1 1 1 1 1
Case #220: 14 2 2 2 3 3 3 7 7 7 1 1 1 1 1
Case #221: 23 2 2 2 2 2 2 3 5 7 1 1 1 1 1 1 1 1 1 1 1 1 1 1
Case #222: -1
Case #223: 17 2 2 2 2 2 2 3 3 3 5 5 5 1 1 1 1 1
Case #224: 23 19 1 1 1 1 1 1 1 1 1 1 1 1 1 1 1 1 1 1 1 1 1 1
Case #225: 25 2 2 2 2 3 5 7 1 1 1 1 1 1 1 1 1 1 1 1 1 1 1 1 1 1
Case #226: 14 2 3 3 3 5 5 7 7 1 1 1 1 1 1
Case #227: 11 2 2 3 3 3 5 19 1 1 1 1
Case #228: 12 2 3 3 3 5 5 5 5 7 1 1 1
Case #229: 27 2 2 2 2 3 3 3 5 1 1 1 1 1 1 1 1 1 1 1 1 1 1 1 1 1 1 1
Case #230: -1
Case #231: 18 2 2 2 2 2 3 7 11 1 1 1 1 1 1 1 1 1 1
Case #232: 34 2 2 2 3 3 1 1 1 1 1 1 1 1 1 1 1 1 1 1 1 1 1 1 1 1 1 1 1 1 1 1 1 1 1
Case #233: 22 2 3 3 3 3 3 5 5 1 1 1 1 1 1 1 1 1 1 1 1 1 1
Case #234: 14 2 2 2 2 2 5 7 13 1 1 1 1 1 1
Case #235: 13 2 2 3 3 5 5 5 11 1 1 1 1 1
Case #236: 33 3 3 5 1 1 1 1 1 1 1 1 1 1 1 1 1 1 1 1 1 1 1 1 1 1 1 1 1 1 1 1 1 1
Case #237: 15 2 2 2 2 2 2 2 2 3 17 1 1 1 1 1
Case #238: 31 2 2 2 2 2 2 3 3 1 1 1 1 1 1 1 1 1 1 1 1 1 1 1 1 1 1 1 1 1 1 1
Case #239: 27 2 2 2 2 2 2 2 2 2 2 3 3 1 1 1 1 1 1 1 1 1 1 1 1 1 1 1
Case #240: -1
Case #241: 12 2 3 3 3 3 5 5 7 7 1 1 1
Case #242: 13 2 2 3 3 3 3 3 5 13 1 1 1 1
Case #243: 14 2 2 2 3 3 5 7 11 1 1 1 1 1 1
Case #244: 19 2 2 2 2 2 2 3 3 3 5 7 1 1 1 1 1 1 1 1
Case #245: 25 2 2 5 5 7 1 1 1 1 1 1 1 1 1 1 1 1 1 1 1 1 1 1 1 1
Case #246: 16 2 3 5 7 13 1 1 1 1 1 1 1 1 1 1 1
Case #247: 21 2 2 2 2 3 3 7 7 1 1 1 1 1 1 1 1 1 1 1 1 1
Case #248: 21 3 3 3 5 5 7 1 1 1 1 1 1 1 1 1 1 1 1 1 1 1
Case #249: 15 2 2 2 2 3 3 7 7 7 1 1 1 1 1 1
Case #250: -1
Case #251: 16 2 2 2 5 5 5 11 1 1 1 1 1 1 1 1 1
Case #252: -1
Case #253: 18 2 2 2 5 5 7 7 1 1 1 1 1 1 1 1 1 1 1
Case #254: 34 2 7 1 1 1 1 1 1 1 1 1 1 1 1 1 1 1 1 1 1 1 1 1 1 1 1 1 1 1 1 1 1 1 1
Case #255: 14 2 2 2 2 2 2 2 3 3 7 11 1 1 1
Case #256: 25 2 2 2 2 2 2 3 3 3 3 3 1 1 1 1 1 1 1 1 1 1 1 1 1 1
Case #257: 9 2 2 2 2 3 5 23 1 1
Case #258: 16 2 2 2 2 2 3 5 5 5 7 1 1 1 1 1 1
Case #259: 15 5 23 1 1 1 1 1 1 1 1 1 1 1 1 1
Case #260: 34 2 3 5 1 1 1 1 1 1 1 1 1 1 1 1 1 1 1 1 1 1 1 1 1 1 1 1 1 1 1 1 1 1 1
Case #261: -1
Case #262: -1
Case #263: 21 2 2 2 2 3 3 3 11 1 1 1 1 1 1 1 1 1 1 1 1 1
Case #264: 20 2 2 2 2 2 2 2 3 3 3 3 7 1 1 1 1 1 1 1 1
Case #265: 16 2 2 2 2 2 2 2 3 3 3 5 5 5 1 1 1
Case #266: 27 2 2 2 2 2 2 5 5 1 1 1 1 1 1 1 1 1 1 1 1 1 1 1 1 1 1 1
Case #267: 16 2 2 2 2 2 3 3 5 5 5 5 1 1 1 1 1
Case #268: 16 2 2 2 3 3 3 3 3 3 11 1 1 1 1 1 1
Case #269: 21 2 2 2 2 3 3 3 5 7 1 1 1 1 1 1 1 1 1 1 1 1
Case #270: 17 2 2 2 2 2 2 7 13 1 1 1 1 1 1 1 1 1
Case #271: -1
Case #272: 21 2 2 2 2 2 2 2 2 3 3 3 7 1 1 1 1 1 1 1 1 1
Case #273: 17 2 2 2 2 3 19 1 1 1 1 1 1 1 1 1 1 1
Case #274: 21 2 2 2 2 2 2 3 3 3 5 5 1 1 1 1 1 1 1 1 1 1
Case #275: 13 2 2 2 2 2 2 2 2 3 7 13 1 1
Case #276: -1
Case #277: 22 2 3 3 3 5 5 5 1 1 1 1 1 1 1 1 1 1 1 1 1 1 1
Case #278: 26 2 2 2 2 2 2 2 2 2 3 5 1 1 1 1 1 1 1 1 1 1 1 1 1 1 1
Case #279: -1
Case #280: 17 2 2 2 2 2 2 2 2 3 3 3 5 7 1 1 1 1
Case #281: 9 2 2 31 1 1 1 1 1 1
Case #282: 20 2 2 2 2 2 2 2 2 2 3 3 5 5 1 1 1 1 1 1 1
Case #283: 31 11 1 1 1 1 1 1 1 1 1 1 1 1 1 1 1 1 1 1 1 1 1 1 1 1 1 1 1 1 1 1
Case #284: 21 2 2 2 2 3 3 5 5 5 1 1 1 1 1 1 1 1 1 1 1 1
Case #285: 25 2 2 2 2 2 2 2 2 3 7 1 1 1 1 1 1 1 1 1 1 1 1 1 1 1
Case #286: 19 2 2 2 2 2 2 3 3 3 3 3 3 5 1 1 1 1 1 1
Case #287: 10 2 3 3 5 23 1 1 1 1 1
Case #288: 15 2 2 2 2 5 5 5 5 7 1 1 1 1 1 1
Case #289: 16 2 2 2 3 3 3 5 5 5 5 1 1 1 1 1 1
Case #290: -1
Case #291: 18 2 2 2 2 2 2 2 2 2 3 3 5 7 1 1 1 1 1
Case #292: 21 2 2 19 1 1 1 1 1 1 1 1 1 1 1 1 1 1 1 1 1 1
Case #293: -1
Case #294: 35 7 1 1 1 1 1 1 1 1 1 1 1 1 1 1 1 1 1 1 1 1 1 1 1 1 1 1 1 1 1 1 1 1 1 1
Case #295: -1
Case #296: 22 2 2 2 3 3 3 5 7 1 1 1 1 1 1 1 1 1 1 1 1 1 1
Case #297: 25 7 11 1 1 1 1 1 1 1 1 1 1 1 1 1 1 1 1 1 1 1 1 1 1 1
Case #298: -1
Case #299: 20 2 5 17 1 1 1 1 1 1 1 1 1 1 1 1 1 1 1 1 1
Case #300: 15 2 2 2 2 3 5 5 7 7 1 1 1 1 1 1
Case #301: -1
Case #302: -1
Case #303: 24 2 2 2 2 2 2 2 2 2 3 7 1 1 1 1 1 1 1 1 1 1 1 1 1
Case #304: 14 2 3 3 3 3 5 5 11 1 1 1 1 1 1
Case #305: 25 2 2 3 3 11 1 1 1 1 1 1 1 1 1 1 1 1 1 1 1 1 1 1 1 1
Case #306: 25 3 3 13 1 1 1 1 1 1 1 1 1 1 1 1 1 1 1 1 1 1 1 1 1 1
Case #307: 29 3 11 1 1 1 1 1 1 1 1 1 1 1 1 1 1 1 1 1 1 1 1 1 1 1 1 1 1 1
Case #308: -1
Case #309: 33 2 2 2 2 2 2 3 1 1 1 1 1 1 1 1 1 1 1 1 1 1 1 1 1 1 1 1 1 1 1 1 1 1
Case #310: 20 2 2 2 2 2 2 2 2 2 3 5 7 1 1 1 1 1 1 1 1
Case #311: 15 2 2 2 2 2 2 2 2 3 7 11 1 1 1 1
Case #312: 4 2 37 1 1
Case #313: -1
Case #314: 26 2 3 3 3 3 7 1 1 1 1 1 1 1 1 1 1 1 1 1 1 1 1 1 1 1 1
Case #315: 22 2 2 2 2 2 3 3 5 7 1 1 1 1 1 1 1 1 1 1 1 1 1
Case #316: 19 2 2 2 2 2 2 2 2 2 2 3 11 1 1 1 1 1 1 1
Case #317: 33 2 2 3 3 3 1 1 1 1 1 1 1 1 1 1 1 1 1 1 1 1 1 1 1 1 1 1 1 1 1 1 1 1
Case #318: 36 2 5 1 1 1 1 1 1 1 1 1 1 1 1 1 1 1 1 1 1 1 1 1 1 1 1 1 1 1 1 1 1 1 1 1 1
Case #319: 21 2 2 2 2 2 2 2 2 2 2 2 2 2 2 2 2 5 1 1 1 1
Case #320: 18 2 2 2 3 3 5 7 7 1 1 1 1 1 1 1 1 1 1
Case #321: 18 2 2 2 3 3 3 3 3 3 5 5 1 1 1 1 1 1 1
Case #322: 24 2 2 2 2 2 2 2 3 3 3 5 1 1 1 1 1 1 1 1 1 1 1 1 1
Case #323: 11 2 2 29 1 1 1 1 1 1 1 1
Case #324: 31 2 2 2 2 2 2 2 2 3 1 1 1 1 1 1 1 1 1 1 1 1 1 1 1 1 1 1 1 1 1 1
Case #325: 3 17 23 1
Case #326: 31 3 3 3 5 1 1 1 1 1 1 1 1 1 1 1 1 1 1 1 1 1 1 1 1 1 1 1 1 1 1 1
Case #327: -1
Case #328: 25 2 2 2 2 2 2 3 3 3 5 1 1 1 1 1 1 1 1 1 1 1 1 1 1 1
Case #329: 16 2 2 2 3 3 3 3 3 5 5 5 1 1 1 1 1
Case #330: 12 2 3 3 3 3 3 5 5 11 1 1 1
Case #331: 31 2 2 3 7 1 1 1 1 1 1 1 1 1 1 1 1 1 1 1 1 1 1 1 1 1 1 1 1 1 1 1
Case #332: 27 2 2 2 2 2 2 3 3 3 3 1 1 1 1 1 1 1 1 1 1 1 1 1 1 1 1 1
Case #333: -1
Case #334: 14 2 2 2 2 2 3 3 3 7 11 1 1 1 1
Case #335: 26 2 2 2 2 2 2 2 3 7 1 1 1 1 1 1 1 1 1 1 1 1 1 1 1 1 1
Case #336: 21 2 2 2 2 2 2 2 2 2 2 2 2 3 3 3 3 1 1 1 1 1
Case #337: 16 2 2 2 2 2 2 2 3 5 7 7 1 1 1 1 1
Case #338: 17 2 2 2 2 3 3 3 3 7 7 1 1 1 1 1 1 1
Case #339: 11 2 2 2 2 2 2 3 7 17 1 1
Case #340: -1
Case #341: 33 3 7 1 1 1 1 1 1 1 1 1 1 1 1 1 1 1 1 1 1 1 1 1 1 1 1 1 1 1 1 1 1 1
Case #342: -1
Case #343: 20 2 2 2 3 3 3 3 3 3 3 5 1 1 1 1 1 1 1 1 1
Case #344: 17 2 2 3 3 3 7 11 1 1 1 1 1 1 1 1 1 1
Case #345: 19 2 2 2 2 2 2 2 2 2 2 5 5 5 1 1 1 1 1 1
Case #346: 15 2 2 2 2 3 3 3 5 13 1 1 1 1 1 1
Case #347: -1
Case #348: 21 2 2 2 2 3 3 3 3 3 7 1 1 1 1 1 1 1 1 1 1 1
Case #349: 18 2 2 2 3 3 3 3 3 3 3 3 3 3 1 1 1 1 1
Case #350: 15 2 2 2 2 7 17 1 1 1 1 1 1 1 1 1
Case #351: 28 2 2 2 2 2 2 2 3 3 3 1 1 1 1 1 1 1 1 1 1 1 1 1 1 1 1 1 1
Case #352: 10 2 3 3 5 7 7 11 1 1 1
Case #353: 29 2 2 11 1 1 1 1 1 1 1 1 1 1 1 1 1 1 1 1 1 1 1 1 1 1 1 1 1 1
Case #354: -1
Case #355: -1
Case #356: 38 2 2 2 1 1 1 1 1 1 1 1 1 1 1 1 1 1 1 1 1 1 1 1 1 1 1 1 1 1 1 1 1 1 1 1 1 1 1
Case #357: 21 2 2 2 2 2 2 2 2 3 3 3 3 3 3 1 1 1 1 1 1 1
Case #358: -1
Case #359: -1
Case #360: 21 2 2 2 2 2 2 2 2 2 2 3 3 7 1 1 1 1 1 1 1 1
Case #361: 10 2 3 3 3 3 5 19 1 1 1
Case #362: 15 2 2 2 2 2 2 2 2 3 5 13 1 1 1 1
Case #363: 19 2 2 3 5 5 5 7 1 1 1 1 1 1 1 1 1 1 1 1
Case #364: -1
Case #365: 17 2 2 2 2 2 2 3 3 3 3 3 3 3 5 1 1 1
Case #366: 22 2 2 2 3 3 3 3 3 3 3 3 1 1 1 1 1 1 1 1 1 1 1
Case #367: 16 2 2 2 3 5 7 11 1 1 1 1 1 1 1 1 1
Case #368: -1
Case #369: 19 2 2 3 3 5 13 1 1 1 1 1 1 1 1 1 1 1 1 1
Case #370: 22 2 2 2 2 2 2 2 2 2 3 5 5 1 1 1 1 1 1 1 1 1 1
Case #371: 13 2 2 5 5 7 7 7 1 1 1 1 1 1
Case #372: 13 2 2 2 2 2 2 3 3 7 13 1 1 1
Case #373: 17 2 2 3 3 3 5 7 7 1 1 1 1 1 1 1 1 1
Case #374: 15 2 2 2 2 2 2 2 2 3 3 5 11 1 1 1
Case #375: 18 2 2 2 3 3 3 3 7 7 1 1 1 1 1 1 1 1 1
Case #376: 23 2 2 2 2 2 2 2 2 2 2 2 2 3 5 1 1 1 1 1 1 1 1 1
Case #377: 11 2 2 2 2 3 7 7 7 7 1 1
Case #378: 28 2 13 1 1 1 1 1 1 1 1 1 1 1 1 1 1 1 1 1 1 1 1 1 1 1 1 1 1
Case #379: 15 2 2 2 2 5 19 1 1 1 1 1 1 1 1 1
Case #380: 22 2 2 2 2 2 2 2 3 3 5 5 1 1 1 1 1 1 1 1 1 1 1
Case #381: 18 2 3 5 7 11 1 1 1 1 1 1 1 1 1 1 1 1 1
Case #382: 16 2 2 2 3 3 3 3 3 7 7 1 1 1 1 1 1
Case #383: 20 2 2 2 3 3 3 3 3 3 3 3 3 1 1 1 1 1 1 1 1
Case #384: 16 2 2 2 2 2 3 19 1 1 1 1 1 1 1 1 1
Case #385: 27 2 2 2 2 2 2 2 2 2 2 5 1 1 1 1 1 1 1 1 1 1 1 1 1 1 1 1
Case #386: 26 2 3 13 1 1 1 1 1 1 1 1 1 1 1 1 1 1 1 1 1 1 1 1 1 1 1
Case #387: -1
Case #388: 16 2 2 2 3 3 3 3 5 11 1 1 1 1 1 1 1
Case #389: 10 2 2 2 3 11 17 1 1 1 1
Case #390: 17 2 2 2 2 3 3 3 5 11 1 1 1 1 1 1 1 1
Case #391: 19 2 2 2 2 2 2 2 2 2 2 2 2 3 3 3 5 1 1 1
Case #392: 21 11 11 1 1 1 1 1 1 1 1 1 1 1 1 1 1 1 1 1 1 1
Case #393: 20 2 2 2 2 2 3 3 3 3 3 3 3 3 1 1 1 1 1 1 1
Case #394: 23 2 2 2 2 3 3 3 3 3 5 1 1 1 1 1 1 1 1 1 1 1 1 1
Case #395: 17 2 2 2 2 2 2 2 2 3 3 7 7 1 1 1 1 1
Case #396: 18 2 3 3 3 3 3 7 7 1 1 1 1 1 1 1 1 1 1
Case #397: 16 2 2 2 7 7 11 1 1 1 1 1 1 1 1 1 1
Case #398: 22 2 2 2 2 2 3 5 5 5 1 1 1 1 1 1 1 1 1 1 1 1 1
Case #399: 27 2 2 3 3 5 5 1 1 1 1 1 1 1 1 1 1 1 1 1 1 1 1 1 1 1 1 1
Case #400: 16 2 2 2 2 2 3 3 5 7 7 1 1 1 1 1 1
Case #401: 15 2 2 2 2 2 2 2 2 2 2 3 5 11 1 1
Case #402: -1
Case #403: 18 2 2 2 2 2 3 5 5 5 5 1 1 1 1 1 1 1 1
Case #404: 18 2 2 2 2 2 2 2 3 3 5 5 5 1 1 1 1 1 1
Case #405: 23 2 2 2 2 2 2 2 2 3 5 5 1 1 1 1 1 1 1 1 1 1 1 1
Case #406: 15 2 2 2 2 3 3 5 5 11 1 1 1 1 1 1
Case #407: 22 2 2 2 2 2 2 2 5 5 5 1 1 1 1 1 1 1 1 1 1 1 1
Case #408: 21 2 2 2 2 2 2 3 3 3 3 3 3 3 1 1 1 1 1 1 1 1
Case #409: 10 2 2 2 3 7 11 11 1 1 1
Case #410: 13 2 2 2 2 2 2 3 5 17 1 1 1 1
Case #411: 33 2 2 7 1 1 1 1 1 1 1 1 1 1 1 1 1 1 1 1 1 1 1 1 1 1 1 1 1 1 1 1 1 1
Case #412: 12 2 3 3 5 5 5 5 5 5 1 1 1
Case #413: 21 2 2 2 2 2 2 2 2 2 2 2 2 2 2 7 1 1 1 1 1 1
Case #414: -1
Case #415: 14 2 2 2 2 2 3 3 3 5 13 1 1 1 1
Case #416: 20 2 2 2 2 2 2 2 3 5 5 5 1 1 1 1 1 1 1 1 1
Case #417: 18 2 2 2 2 2 2 2 3 3 3 3 5 5 1 1 1 1 1
Case #418: -1
Case #419: 32 2 3 3 5 1 1 1 1 1 1 1 1 1 1 1 1 1 1 1 1 1 1 1 1 1 1 1 1 1 1 1 1
Case #420: 32 2 2 2 3 5 1 1 1 1 1 1 1 1 1 1 1 1 1 1 1 1 1 1 1 1 1 1 1 1 1 1 1
Case #421: 15 2 2 2 2 2 2 5 5 5 5 5 1 1 1 1
Case #422: 23 2 2 2 2 3 3 3 5 5 1 1 1 1 1 1 1 1 1 1 1 1 1 1
Case #423: 14 2 2 2 3 5 5 5 5 7 1 1 1 1 1
Case #424: 13 2 2 3 3 3 5 17 1 1 1 1 1 1
Case #425: 29 7 7 1 1 1 1 1 1 1 1 1 1 1 1 1 1 1 1 1 1 1 1 1 1 1 1 1 1 1
Case #426: 13 2 2 2 2 3 5 19 1 1 1 1 1 1
Case #427: 17 2 2 2 2 2 2 3 17 1 1 1 1 1 1 1 1 1
Case #428: -1
Case #429: 22 2 3 17 1 1 1 1 1 1 1 1 1 1 1 1 1 1 1 1 1 1 1
Case #430: 19 2 2 2 2 2 2 5 7 7 1 1 1 1 1 1 1 1 1 1
Case #431: 21 2 2 2 2 2 2 2 2 2 2 3 3 3 3 3 1 1 1 1 1 1
Case #432: -1
Case #433: 23 2 2 2 2 2 2 2 2 3 3 3 5 1 1 1 1 1 1 1 1 1 1 1
Case #434: 27 5 11 1 1 1 1 1 1 1 1 1 1 1 1 1 1 1 1 1 1 1 1 1 1 1 1 1
Case #435: 25 5 13 1 1 1 1 1 1 1 1 1 1 1 1 1 1 1 1 1 1 1 1 1 1 1
Case #436: 16 2 2 2 2 2 2 2 3 5 5 5 5 1 1 1 1
Case #437: -1
Case #438: 41 1 1 1 1 1 1 1 1 1 1 1 1 1 1 1 1 1 1 1 1 1 1 1 1 1 1 1 1 1 1 1 1 1 1 1 1 1 1 1 1 1
Case #439: 19 2 2 2 2 3 3 3 3 5 7 1 1 1 1 1 1 1 1 1
Case #440: 11 2 2 2 2 2 2 3 5 19 1 1
Case #441: -1
Case #442: 23 2 2 3 3 13 1 1 1 1 1 1 1 1 1 1 1 1 1 1 1 1 1 1
Case #443: 23 2 2 2 2 2 2 2 2 2 2 2 2 2 2 3 3 1 1 1 1 1 1 1
Case #444: 29 2 2 2 2 2 2 3 3 3 1 1 1 1 1 1 1 1 1 1 1 1 1 1 1 1 1 1 1 1
Case #445: 20 2 3 7 13 1 1 1 1 1 1 1 1 1 1 1 1 1 1 1 1
Case #446: -1
Case #447: 7 17 19 1 1 1 1 1
Case #448: 33 2 2 2 2 5 1 1 1 1 1 1 1 1 1 1 1 1 1 1 1 1 1 1 1 1 1 1 1 1 1 1 1 1
Case #449: 21 2 2 2 2 2 2 3 3 3 3 3 5 1 1 1 1 1 1 1 1 1
Case #450: -1
Case #451: 24 2 2 2 2 2 3 3 3 3 5 1 1 1 1 1 1 1 1 1 1 1 1 1 1
Case #452: 16 2 2 2 2 2 2 2 3 3 3 3 5 7 1 1 1
Case #453: 28 2 2 2 2 2 3 3 3 3 1 1 1 1 1 1 1 1 1 1 1 1 1 1 1 1 1 1 1
Case #454: 18 2 2 2 3 3 3 3 13 1 1 1 1 1 1 1 1 1 1
Case #455: 21 2 2 2 2 2 2 2 2 2 2 2 2 2 2 2 2 2 2 3 1 1
Case #456: 16 2 2 2 2 2 2 2 3 3 5 5 7 1 1 1 1
Case #457: 19 2 2 3 3 3 3 3 3 3 3 5 1 1 1 1 1 1 1 1
Case #458: 18 2 2 2 2 2 3 3 3 7 7 1 1 1 1 1 1 1 1
Case #459: 18 2 2 2 3 3 5 5 5 5 1 1 1 1 1 1 1 1 1
Case #460: 24 2 2 2 2 2 2 2 2 2 3 3 3 3 1 1 1 1 1 1 1 1 1 1 1
Case #461: 15 2 2 2 2 3 3 3 5 7 7 1 1 1 1 1
Case #462: 20 2 2 2 2 2 2 2 2 2 2 2 2 2 2 2 2 2 5 1 1
Case #463: 15 2 2 2 2 2 2 3 5 5 5 7 1 1 1 1
Case #464: 22 2 2 2 2 2 5 5 7 1 1 1 1 1 1 1 1 1 1 1 1 1 1
Case #465: 17 2 2 2 2 2 2 2 2 2 2 2 2 3 5 7 1 1
Case #466: 22 2 2 2 2 2 2 2 2 2 2 2 2 2 7 1 1 1 1 1 1 1 1
Case #467: 22 2 2 2 2 2 2 2 2 2 2 2 2 2 2 2 5 1 1 1 1 1 1
Case #468: -1
Case #469: 18 2 2 2 3 3 5 13 1 1 1 1 1 1 1 1 1 1 1
Case #470: 18 2 3 3 3 5 13 1 1 1 1 1 1 1 1 1 1 1 1
Case #471: 21 2 2 2 2 2 2 3 7 7 1 1 1 1 1 1 1 1 1 1 1 1
Case #472: 20 2 2 2 3 3 3 3 3 3 7 1 1 1 1 1 1 1 1 1 1
Case #473: 13 2 2 3 5 5 7 11 1 1 1 1 1 1
Case #474: 20 2 2 2 3 3 3 5 5 5 1 1 1 1 1 1 1 1 1 1 1
Case #475: 22 2 2 2 2 2 3 3 3 3 3 3 3 1 1 1 1 1 1 1 1 1 1
Case #476: 20 2 2 2 2 2 2 2 5 11 1 1 1 1 1 1 1 1 1 1 1
Case #477: 27 3 3 11 1 1 1 1 1 1 1 1 1 1 1 1 1 1 1 1 1 1 1 1 1 1 1 1
Case #478: 15 2 2 2 2 2 2 3 3 5 7 7 1 1 1 1
Case #479: 25 2 2 2 2 2 2 2 2 2 2 2 2 2 2 3 1 1 1 1 1 1 1 1 1 1
Case #480: 13 2 2 2 2 3 3 3 5 5 11 1 1 1
Case #481: 17 2 2 3 5 7 11 1 1 1 1 1 1 1 1 1 1 1
Case #482: 12 2 3 3 5 5 5 13 1 1 1 1 1
Case #483: 19 5 19 1 1 1 1 1 1 1 1 1 1 1 1 1 1 1 1 1
Case #484: 19 2 2 2 2 3 3 5 11 1 1 1 1 1 1 1 1 1 1 1
Case #485: -1
Case #486: 18 2 2 2 3 3 3 3 3 3 3 3 5 1 1 1 1 1 1
Case #487: 11 2 2 3 3 7 19 1 1 1 1 1
Case #488: 14 2 2 2 2 2 2 2 2 2 3 5 13 1 1
Case #489: -1
Case #490: 16 2 2 2 3 3 5 5 5 7 1 1 1 1 1 1 1
Case #491: -1
Case #492: 13 2 2 2 2 2 2 5 7 13 1 1 1 1
Case #493: 19 2 2 3 3 3 3 3 5 7 1 1 1 1 1 1 1 1 1 1
Case #494: 14 2 2 2 2 2 2 2 5 7 11 1 1 1 1
Case #495: -1
Case #496: 22 2 2 2 2 2 2 2 2 2 2 2 3 3 5 1 1 1 1 1 1 1 1
Case #497: 30 2 2 2 2 2 3 3 3 1 1 1 1 1 1 1 1 1 1 1 1 1 1 1 1 1 1 1 1 1 1
Case #498: -1
Case #499: 21 5 17 1 1 1 1 1 1 1 1 1 1 1 1 1 1 1 1 1 1 1
Case #500: 25 2 2 2 2 3 3 3 3 5 1 1 1 1 1 1 1 1 1 1 1 1 1 1 1 1
Case #501: 12 2 2 2 3 3 5 19 1 1 1 1 1
Case #502: 14 2 2 2 2 2 2 2 3 19 1 1 1 1 1
Case #503: -1
Case #504: -1
Case #505: 24 2 2 2 2 2 2 2 3 3 7 1 1 1 1 1 1 1 1 1 1 1 1 1 1
Case #506: -1
Case #507: 15 2 2 2 2 7 7 11 1 1 1 1 1 1 1 1
Case #508: 20 2 2 2 2 2 2 2 2 2 3 3 3 7 1 1 1 1 1 1 1
Case #509: 24 2 3 3 3 3 5 5 1 1 1 1 1 1 1 1 1 1 1 1 1 1 1 1 1
Case #510: 22 2 2 2 3 5 5 7 1 1 1 1 1 1 1 1 1 1 1 1 1 1 1
Case #511: 17 2 2 2 2 3 3 5 7 7 1 1 1 1 1 1 1 1
Case #512: 25 2 2 2 2 3 3 3 7 1 1 1 1 1 1 1 1 1 1 1 1 1 1 1 1 1
Case #513: 19 2 2 2 2 3 3 3 13 1 1 1 1 1 1 1 1 1 1 1
Case #514: 23 2 2 2 2 2 2 3 3 3 3 5 1 1 1 1 1 1 1 1 1 1 1 1
Case #515: 13 2 2 3 3 3 5 5 13 1 1 1 1 1
Case #516: 12 2 2 2 2 2 2 2 3 5 17 1 1
Case #517: 15 2 2 2 2 3 3 3 3 3 5 5 5 1 1 1
Case #518: -1
Case #519: 10 2 3 3 5 11 13 1 1 1 1
Case #520: -1
Case #521: -1
Case #522: -1
Case #523: 23 3 17 1 1 1 1 1 1 1 1 1 1 1 1 1 1 1 1 1 1 1 1 1
Case #524: 26 2 2 2 2 2 2 2 2 2 2 2 5 1 1 1 1 1 1 1 1 1 1 1 1 1 1
Case #525: 23 2 2 2 2 2 2 3 3 3 7 1 1 1 1 1 1 1 1 1 1 1 1 1
Case #526: 10 2 2 2 3 5 5 7 13 1 1
Case #527: 22 2 19 1 1 1 1 1 1 1 1 1 1 1 1 1 1 1 1 1 1 1 1
Case #528: -1
Case #529: 24 2 2 2 2 2 2 2 2 2 2 2 2 2 5 1 1 1 1 1 1 1 1 1 1
Case #530: 22 2 2 2 2 2 2 2 2 2 2 2 2 2 3 3 3 1 1 1 1 1 1
Case #531: 17 2 2 2 2 3 3 3 3 3 3 3 7 1 1 1 1 1
Case #532: -1
Case #533: 20 2 3 3 3 3 3 11 1 1 1 1 1 1 1 1 1 1 1 1 1
Case #534: 21 2 2 2 2 2 2 2 2 2 2 2 2 2 2 3 3 3 1 1 1 1
Case #535: 26 2 2 2 2 2 2 2 2 2 3 3 3 1 1 1 1 1 1 1 1 1 1 1 1 1 1
Case #536: 22 2 2 2 5 7 7 1 1 1 1 1 1 1 1 1 1 1 1 1 1 1 1
Case #537: -1
Case #538: 28 2 2 2 2 2 2 2 2 2 3 3 1 1 1 1 1 1 1 1 1 1 1 1 1 1 1 1 1
Case #539: 21 2 2 2 2 2 2 2 2 2 2 11 1 1 1 1 1 1 1 1 1 1
Case #540: -1
Case #541: -1
Case #542: 35 3 5 1 1 1 1 1 1 1 1 1 1 1 1 1 1 1 1 1 1 1 1 1 1 1 1 1 1 1 1 1 1 1 1 1
Case #543: 18 2 2 2 2 2 2 2 2 2 3 7 7 1 1 1 1 1 1
Case #544: -1
Case #545: 34 2 3 3 3 1 1 1 1 1 1 1 1 1 1 1 1 1 1 1 1 1 1 1 1 1 1 1 1 1 1 1 1 1 1
Case #546: 17 2 2 3 3 3 3 3 3 11 1 1 1 1 1 1 1 1
Case #547: 31 5 7 1 1 1 1 1 1 1 1 1 1 1 1 1 1 1 1 1 1 1 1 1 1 1 1 1 1 1 1 1
Case #548: -1
Case #549: 3 5 17 19
Case #550: 35 2 2 3 3 1 1 1 1 1 1 1 1 1 1 1 1 1 1 1 1 1 1 1 1 1 1 1 1 1 1 1 1 1 1 1
Case #551: 22 2 2 2 2 2 3 3 3 3 3 5 1 1 1 1 1 1 1 1 1 1 1
Case #552: 17 2 2 2 2 3 3 3 3 3 3 5 5 1 1 1 1 1
Case #553: 14 2 2 2 3 3 3 7 13 1 1 1 1 1 1
Case #554: 21 2 2 2 2 2 2 2 2 5 5 5 1 1 1 1 1 1 1 1 1 1
Case #555: 8 2 2 2 3 11 19 1 1
Case #556: 23 2 2 2 2 2 2 2 2 2 2 5 5 1 1 1 1 1 1 1 1 1 1 1
Case #557: 20 2 2 2 2 2 2 2 3 7 7 1 1 1 1 1 1 1 1 1 1
Case #558: 19 2 2 2 2 2 2 3 3 3 11 1 1 1 1 1 1 1 1 1
Case #559: 16 2 2 2 3 5 5 7 7 1 1 1 1 1 1 1 1
Case #560: 20 2 2 2 2 2 2 2 2 2 3 3 3 3 5 1 1 1 1 1 1
Case #561: 18 2 2 2 3 3 3 3 3 5 7 1 1 1 1 1 1 1 1
Case #562: 25 3 3 3 3 5 5 1 1 1 1 1 1 1 1 1 1 1 1 1 1 1 1 1 1 1
Case #563: 19 2 2 2 2 3 3 5 5 7 1 1 1 1 1 1 1 1 1 1
Case #564: 26 2 3 3 3 3 3 5 1 1 1 1 1 1 1 1 1 1 1 1 1 1 1 1 1 1 1
Case #565: -1
Case #566: -1
Case #567: 12 2 2 2 2 2 3 5 5 5 11 1 1
Case #568: 35 2 2 5 1 1 1 1 1 1 1 1 1 1 1 1 1 1 1 1 1 1 1 1 1 1 1 1 1 1 1 1 1 1 1 1
Case #569: -1
Case #570: 22 2 2 2 2 2 3 3 11 1 1 1 1 1 1 1 1 1 1 1 1 1 1
Case #571: 24 2 2 2 2 2 2 2 2 2 2 2 7 1 1 1 1 1 1 1 1 1 1 1 1
Case #572: 23 2 2 3 3 3 3 5 5 1 1 1 1 1 1 1 1 1 1 1 1 1 1 1
Case #573: 16 2 3 3 5 7 11 1 1 1 1 1 1 1 1 1 1
Case #574: -1
Case #575: 25 2 2 2 2 2 2 2 2 3 3 3 3 1 1 1 1 1 1 1 1 1 1 1 1 1
Case #576: 14 2 3 3 3 3 3 3 3 3 5 7 1 1 1
Case #577: 11 3 29 1 1 1 1 1 1 1 1 1
Case #578: 13 2 2 2 2 2 2 3 5 5 7 7 1 1
Case #579: 10 2 31 1 1 1 1 1 1 1 1
Case #580: 22 2 2 2 2 2 2 2 2 2 3 3 3 5 1 1 1 1 1 1 1 1 1
Case #581: 22 2 2 2 5 5 5 5 1 1 1 1 1 1 1 1 1 1 1 1 1 1 1
Case #582: 15 2 2 2 2 2 2 3 3 3 5 11 1 1 1 1
Case #583: 24 2 2 2 2 2 5 5 5 1 1 1 1 1 1 1 1 1 1 1 1 1 1 1 1
Case #584: -1
Case #585: 12 2 2 2 3 7 7 13 1 1 1 1 1
Case #586: 18 2 23 1 1 1 1 1 1 1 1 1 1 1 1 1 1 1 1
Case #587: 13 2 2 3 3 3 3 7 13 1 1 1 1 1
Case #588: 22 2 2 2 3 3 5 5 5 1 1 1 1 1 1 1 1 1 1 1 1 1 1
Case #589: -1
Case #590: 17 2 2 3 5 5 7 7 1 1 1 1 1 1 1 1 1 1
Case #591: -1
Case #592: 20 2 2 2 2 2 2 2 3 3 3 3 3 3 3 1 1 1 1 1 1
Case #593: -1
Case #594: -1
Case #595: 14 2 3 3 3 3 3 5 13 1 1 1 1 1 1
Case #596: -1
Case #597: 19 2 2 2 2 3 7 11 1 1 1 1 1 1 1 1 1 1 1 1
Case #598: 32 2 2 2 3 3 3 1 1 1 1 1 1 1 1 1 1 1 1 1 1 1 1 1 1 1 1 1 1 1 1 1 1
Case #599: 21 2 2 2 2 2 2 2 2 7 7 1 1 1 1 1 1 1 1 1 1 1
Case #600: 16 2 2 2 3 3 3 3 3 3 5 7 1 1 1 1 1
Case #601: 17 2 2 2 2 2 2 2 2 2 2 5 5 7 1 1 1 1
Case #602: 27 2 2 3 5 7 1 1 1 1 1 1 1 1 1 1 1 1 1 1 1 1 1 1 1 1 1 1
Case #603: 17 2 2 3 3 7 7 7 1 1 1 1 1 1 1 1 1 1
Case #604: 9 3 31 1 1 1 1 1 1 1
Case #605: 17 2 2 3 3 5 5 5 7 1 1 1 1 1 1 1 1 1
Case #606: 15 2 2 3 3 3 3 3 5 5 7 1 1 1 1 1
Case #607: 21 2 2 2 2 3 5 11 1 1 1 1 1 1 1 1 1 1 1 1 1 1
Case #608: 17 2 2 2 2 2 2 2 2 3 3 3 11 1 1 1 1 1
Case #609: 21 2 2 2 2 2 2 2 2 2 2 2 2 3 7 1 1 1 1 1 1 1
Case #610: 10 2 3 3 3 5 5 17 1 1 1
Case #611: -1
Case #612: 24 2 2 2 2 2 2 2 2 2 3 3 5 1 1 1 1 1 1 1 1 1 1 1 1
Case #613: 12 2 2 2 3 3 5 7 7 7 1 1 1
Case #614: 16 2 3 3 3 7 13 1 1 1 1 1 1 1 1 1 1
Case #615: -1
Case #616: 12 2 2 2 2 2 3 5 7 7 7 1 1
Case #617: 17 2 2 2 2 2 2 3 5 5 5 5 1 1 1 1 1 1
Case #618: 21 2 2 2 2 5 5 5 5 1 1 1 1 1 1 1 1 1 1 1 1 1
Case #619: 27 2 2 2 2 2 2 3 3 5 1 1 1 1 1 1 1 1 1 1 1 1 1 1 1 1 1 1
Case #620: 20 2 2 2 2 2 2 2 3 3 5 7 1 1 1 1 1 1 1 1 1
Case #621: 19 2 2 2 2 2 2 2 2 2 2 3 3 3 3 5 1 1 1 1
Case #622: 25 2 2 2 2 3 3 5 5 1 1 1 1 1 1 1 1 1 1 1 1 1 1 1 1 1
Case #623: 25 2 2 2 2 2 2 2 2 2 2 2 2 3 3 1 1 1 1 1 1 1 1 1 1 1
Case #624: 22 2 2 2 2 2 2 2 2 2 2 2 2 2 2 2 2 2 3 1 1 1 1
Case #625: 15 2 2 3 3 3 5 5 5 7 1 1 1 1 1 1
Case #626: 16 2 2 2 2 2 3 3 3 3 3 3 5 5 1 1 1
Case #627: -1
Case #628: 18 2 2 2 3 5 5 11 1 1 1 1 1 1 1 1 1 1 1
Case #629: -1
Case #630: 26 2 2 2 2 2 3 3 3 3 3 1 1 1 1 1 1 1 1 1 1 1 1 1 1 1 1
Case #631: 20 2 2 2 2 2 2 2 3 3 3 5 5 1 1 1 1 1 1 1 1
Case #632: -1
Case #633: -1
Case #634: -1
Case #635: 24 2 2 2 2 2 2 2 2 2 2 2 3 3 3 1 1 1 1 1 1 1 1 1 1
Case #636: 20 2 2 2 3 7 11 1 1 1 1 1 1 1 1 1 1 1 1 1 1
Case #637: 17 2 2 2 2 2 2 2 2 3 5 5 7 1 1 1 1 1
Case #638: 19 2 2 2 2 3 5 13 1 1 1 1 1 1 1 1 1 1 1 1
Case #639: 24 2 3 3 3 3 3 3 3 3 1 1 1 1 1 1 1 1 1 1 1 1 1 1 1
Case #640: 34 2 2 2 5 1 1 1 1 1 1 1 1 1 1 1 1 1 1 1 1 1 1 1 1 1 1 1 1 1 1 1 1 1 1
Case #641: 10 2 3 3 5 7 17 1 1 1 1
Case #642: 20 2 2 2 3 3 3 3 11 1 1 1 1 1 1 1 1 1 1 1 1
Case #643: 10 2 3 3 3 5 11 11 1 1 1
Case #644: 21 2 2 5 5 11 1 1 1 1 1 1 1 1 1 1 1 1 1 1 1 1
Case #645: 11 2 2 2 2 3 3 23 1 1 1 1
Case #646: 17 2 2 2 2 3 3 3 3 3 11 1 1 1 1 1 1 1
Case #647: 20 2 2 2 2 2 2 2 2 2 3 3 3 3 3 3 1 1 1 1 1
Case #648: 25 2 2 2 2 2 2 3 5 5 1 1 1 1 1 1 1 1 1 1 1 1 1 1 1 1
Case #649: 28 2 7 7 1 1 1 1 1 1 1 1 1 1 1 1 1 1 1 1 1 1 1 1 1 1 1 1 1
Case #650: 24 2 2 2 3 5 5 5 1 1 1 1 1 1 1 1 1 1 1 1 1 1 1 1 1
Case #651: 20 2 3 3 3 5 5 7 1 1 1 1 1 1 1 1 1 1 1 1 1
Case #652: 5 19 19 1 1 1
Case #653: 31 3 5 5 1 1 1 1 1 1 1 1 1 1 1 1 1 1 1 1 1 1 1 1 1 1 1 1 1 1 1 1
Case #654: 17 2 2 3 3 3 17 1 1 1 1 1 1 1 1 1 1 1
Case #655: -1
Case #656: 22 2 2 2 2 2 2 2 2 2 2 2 2 2 2 2 3 3 1 1 1 1 1
Case #657: 19 2 2 2 2 3 3 3 3 3 3 3 5 1 1 1 1 1 1 1
Case #658: 16 2 2 2 3 3 3 3 3 3 3 3 3 5 1 1 1
Case #659: 5 37 1 1 1 1
Case #660: 14 2 2 2 3 3 3 3 3 5 5 7 1 1 1
Case #661: 24 2 2 2 2 2 2 2 2 2 2 2 2 2 2 2 3 1 1 1 1 1 1 1 1
Case #662: 27 2 2 2 2 2 2 2 2 2 2 2 2 3 1 1 1 1 1 1 1 1 1 1 1 1 1 1
Case #663: 16 2 2 2 3 3 3 5 7 7 1 1 1 1 1 1 1
Case #664: 18 2 3 3 3 3 3 3 5 7 1 1 1 1 1 1 1 1 1
Case #665: 17 2 2 3 3 5 5 11 1 1 1 1 1 1 1 1 1 1
Case #666: 17 2 2 2 2 2 2 2 2 3 3 13 1 1 1 1 1 1
Case #667: 16 2 2 2 2 2 5 17 1 1 1 1 1 1 1 1 1
Case #668: -1
Case #669: 17 2 2 2 2 2 2 3 5 7 7 1 1 1 1 1 1 1
Case #670: 13 29 1 1 1 1 1 1 1 1 1 1 1 1
Case #671: 39 2 2 1 1 1 1 1 1 1 1 1 1 1 1 1 1 1 1 1 1 1 1 1 1 1 1 1 1 1 1 1 1 1 1 1 1 1 1 1
Case #672: -1
Case #673: -1
Case #674: 27 2 2 2 2 3 3 3 3 3 1 1 1 1 1 1 1 1 1 1 1 1 1 1 1 1 1 1
Case #675: 12 2 2 2 2 2 3 3 11 11 1 1 1
Case #676: -1
Case #677: 20 2 3 3 5 7 7 1 1 1 1 1 1 1 1 1 1 1 1 1 1
Case #678: 19 2 2 2 2 3 3 3 7 7 1 1 1 1 1 1 1 1 1 1
Case #679: 21 2 2 2 2 2 2 3 3 5 7 1 1 1 1 1 1 1 1 1 1 1
Case #680: 24 2 2 2 2 2 2 2 2 2 2 2 3 5 1 1 1 1 1 1 1 1 1 1 1
Case #681: -1
Case #682: 18 2 2 2 2 2 2 2 2 2 2 2 3 11 1 1 1 1 1
Case #683: -1
Case #684: 34 2 2 2 2 2 2 2 1 1 1 1 1 1 1 1 1 1 1 1 1 1 1 1 1 1 1 1 1 1 1 1 1 1 1
Case #685: 21 2 2 3 3 3 3 3 5 5 1 1 1 1 1 1 1 1 1 1 1 1
Case #686: 24 2 2 2 3 3 11 1 1 1 1 1 1 1 1 1 1 1 1 1 1 1 1 1 1
Case #687: 17 2 2 2 2 2 2 2 2 2 2 3 7 7 1 1 1 1
Case #688: -1
Case #689: -1
Case #690: 21 2 2 2 2 2 2 2 2 2 2 2 2 2 2 2 2 2 2 2 2 1
Case #691: 15 2 2 2 2 3 3 19 1 1 1 1 1 1 1 1
Case #692: -1
Case #693: -1
Case #694: -1
Case #695: 18 2 2 2 2 2 2 2 2 2 3 3 3 5 5 1 1 1 1
Case #696: 12 2 2 2 3 3 5 5 5 11 1 1 1
Case #697: 15 2 2 2 2 3 11 11 1 1 1 1 1 1 1 1
Case #698: 23 2 2 2 2 2 2 5 5 5 1 1 1 1 1 1 1 1 1 1 1 1 1 1
Case #699: -1
Case #700: -1
Case #701: 16 2 2 2 2 2 2 2 3 3 5 11 1 1 1 1 1
Case #702: 33 5 5 1 1 1 1 1 1 1 1 1 1 1 1 1 1 1 1 1 1 1 1 1 1 1 1 1 1 1 1 1 1 1
Case #703: -1
Case #704: 14 2 2 2 3 3 3 5 5 11 1 1 1 1 1
Case #705: 30 2 2 2 2 2 2 2 5 1 1 1 1 1 1 1 1 1 1 1 1 1 1 1 1 1 1 1 1 1 1
Case #706: 29 2 2 2 2 2 2 7 1 1 1 1 1 1 1 1 1 1 1 1 1 1 1 1 1 1 1 1 1 1
Case #707: -1
Case #708: 13 2 2 3 3 3 5 7 11 1 1 1 1 1
Case #709: 14 2 2 2 2 2 3 3 5 5 5 7 1 1 1
Case #710: -1
Case #711: 14 2 3 3 5 5 5 5 7 1 1 1 1 1 1
Case #712: 13 2 2 2 2 3 3 3 19 1 1 1 1 1
Case #713: 19 7 17 1 1 1 1 1 1 1 1 1 1 1 1 1 1 1 1 1
Case #714: 17 2 2 23 1 1 1 1 1 1 1 1 1 1 1 1 1 1
Case #715: 15 2 2 2 2 2 2 2 2 5 5 11 1 1 1 1
Case #716: -1
Case #717: 18 2 2 2 2 2 3 3 5 5 7 1 1 1 1 1 1 1 1
Case #718: 37 2 2 2 2 1 1 1 1 1 1 1 1 1 1 1 1 1 1 1 1 1 1 1 1 1 1 1 1 1 1 1 1 1 1 1 1 1
Case #719: -1
Case #720: 23 2 2 2 2 2 2 2 2 2 2 3 3 5 1 1 1 1 1 1 1 1 1 1
Case #721: 14 2 2 2 2 2 2 2 3 5 5 11 1 1 1
Case #722: 17 2 2 3 3 3 3 3 3 5 7 1 1 1 1 1 1 1
Case #723: 11 2 2 2 2 2 2 3 11 13 1 1
Case #724: 19 2 2 3 3 3 5 11 1 1 1 1 1 1 1 1 1 1 1 1
Case #725: 24 2 3 3 3 3 3 3 5 1 1 1 1 1 1 1 1 1 1 1 1 1 1 1 1
Case #726: 29 2 2 2 2 2 2 2 2 2 2 3 1 1 1 1 1 1 1 1 1 1 1 1 1 1 1 1 1 1
Case #727: 14 2 2 2 2 2 3 5 5 5 5 5 1 1 1
Case #728: 22 2 3 3 3 3 3 3 3 5 1 1 1 1 1 1 1 1 1 1 1 1 1
Case #729: 18 2 2 2 2 2 2 2 2 2 2 2 5 5 5 1 1 1 1
Case #730: 24 2 3 3 5 5 5 1 1 1 1 1 1 1 1 1 1 1 1 1 1 1 1 1 1
Case #731: 18 2 2 2 2 2 3 3 5 11 1 1 1 1 1 1 1 1 1
Case #732: 19 2 2 2 2 2 2 2 2 2 2 3 3 3 7 1 1 1 1 1
Case #733: 15 2 2 2 2 3 5 7 11 1 1 1 1 1 1 1
Case #734: 23 2 2 3 5 5 7 1 1 1 1 1 1 1 1 1 1 1 1 1 1 1 1 1
Case #735: 20 2 2 2 2 2 2 2 3 3 3 3 3 5 1 1 1 1 1 1 1
Case #736: 29 3 5 7 1 1 1 1 1 1 1 1 1 1 1 1 1 1 1 1 1 1 1 1 1 1 1 1 1 1
Case #737: 26 2 3 3 3 3 3 3 3 1 1 1 1 1 1 1 1 1 1 1 1 1 1 1 1 1 1
Case #738: 15 2 2 3 3 3 3 3 3 3 5 7 1 1 1 1
Case #739: 15 2 2 3 3 3 3 3 3 7 7 1 1 1 1 1
Case #740: 20 2 2 2 2 2 3 3 3 11 1 1 1 1 1 1 1 1 1 1 1
Case #741: 19 2 2 2 2 2 2 2 2 2 2 2 2 3 5 5 1 1 1 1
Case #742: 18 2 2 2 2 2 3 3 3 3 5 7 1 1 1 1 1 1 1
Case #743: -1
Case #744: 11 2 2 2 2 3 5 5 7 11 1 1
Case #745: 14 2 2 2 2 2 5 7 7 7 1 1 1 1 1
Case #746: 11 2 2 2 2 3 3 7 17 1 1 1
Case #747: -1
Case #748: 26 2 2 2 3 3 3 7 1 1 1 1 1 1 1 1 1 1 1 1 1 1 1 1 1 1 1
Case #749: 16 2 3 3 3 3 5 5 5 5 1 1 1 1 1 1 1
Case #750: 20 2 2 2 2 2 3 3 3 3 3 7 1 1 1 1 1 1 1 1 1
Case #751: 23 2 2 3 5 11 1 1 1 1 1 1 1 1 1 1 1 1 1 1 1 1 1 1
Case #752: 14 2 2 2 2 2 2 2 5 5 13 1 1 1 1
Case #753: 23 2 2 3 3 3 3 3 7 1 1 1 1 1 1 1 1 1 1 1 1 1 1 1
Case #754: -1
Case #755: 22 2 2 2 3 3 3 3 3 3 5 1 1 1 1 1 1 1 1 1 1 1 1
Case #756: 20 2 3 3 3 3 3 3 3 3 5 1 1 1 1 1 1 1 1 1 1
Case #757: 19 2 2 2 2 2 2 2 2 5 5 7 1 1 1 1 1 1 1 1
Case #758: 22 2 2 2 2 2 2 2 2 2 2 2 3 3 3 3 1 1 1 1 1 1 1
Case #759: 17 2 2 2 2 2 2 3 3 3 3 5 7 1 1 1 1 1
Case #760: 28 2 3 3 3 3 5 1 1 1 1 1 1 1 1 1 1 1 1 1 1 1 1 1 1 1 1 1 1
Case #761: 8 2 2 2 3 7 23 1 1
Case #762: 5 3 17 19 1 1
Case #763: 20 2 2 2 2 2 5 5 5 5 1 1 1 1 1 1 1 1 1 1 1
Case #764: 14 2 2 2 2 2 3 3 3 17 1 1 1 1 1
Case #765: 23 2 2 2 2 2 2 2 2 2 2 2 2 2 2 2 2 3 1 1 1 1 1 1
Case #766: -1
Case #767: 30 2 5 7 1 1 1 1 1 1 1 1 1 1 1 1 1 1 1 1 1 1 1 1 1 1 1 1 1 1 1
Case #768: 18 2 2 2 3 3 3 3 3 11 1 1 1 1 1 1 1 1 1
Case #769: -1
Case #770: 22 2 2 2 2 2 2 2 2 2 2 2 2 2 2 2 2 2 2 2 1 1 1
Case #771: 20 2 2 2 2 2 3 3 3 3 5 5 1 1 1 1 1 1 1 1 1
Case #772: 26 2 5 11 1 1 1 1 1 1 1 1 1 1 1 1 1 1 1 1 1 1 1 1 1 1 1
Case #773: -1
Case #774: 18 2 2 2 2 2 3 17 1 1 1 1 1 1 1 1 1 1 1
Case #775: 13 2 2 2 2 3 3 11 11 1 1 1 1 1
Case #776: 15 2 2 3 3 3 3 3 3 5 5 5 1 1 1 1
Case #777: -1
Case #778: 34 2 2 2 2 2 3 1 1 1 1 1 1 1 1 1 1 1 1 1 1 1 1 1 1 1 1 1 1 1 1 1 1 1 1
Case #779: 18 2 2 2 3 5 5 5 7 1 1 1 1 1 1 1 1 1 1
Case #780: 13 2 2 2 2 3 3 5 17 1 1 1 1 1
Case #781: 11 2 2 2 2 3 3 5 19 1 1 1
Case #782: 20 2 2 2 2 2 2 2 2 2 2 2 2 2 3 3 5 1 1 1 1
Case #783: 21 2 2 2 2 2 2 2 2 2 2 3 3 3 5 1 1 1 1 1 1 1
Case #784: 18 2 2 2 5 5 13 1 1 1 1 1 1 1 1 1 1 1 1
Case #785: 36 2 3 3 1 1 1 1 1 1 1 1 1 1 1 1 1 1 1 1 1 1 1 1 1 1 1 1 1 1 1 1 1 1 1 1 1
Case #786: 18 2 2 2 2 2 2 2 5 13 1 1 1 1 1 1 1 1 1
Case #787: 10 2 3 3 5 5 19 1 1 1 1
Case #788: 22 2 2 2 2 2 2 2 3 5 7 1 1 1 1 1 1 1 1 1 1 1 1
Case #789: 19 2 2 2 2 3 3 3 5 5 5 1 1 1 1 1 1 1 1 1
Case #790: -1
Case #791: 18 2 2 2 2 2 2 2 2 2 2 2 2 2 3 5 5 1 1
Case #792: 17 2 2 2 2 3 5 5 5 7 1 1 1 1 1 1 1 1
Case #793: 3 3 37 1
Case #794: 19 3 3 3 3 3 3 3 3 3 5 1 1 1 1 1 1 1 1 1
Case #795: 17 2 2 7 7 11 1 1 1 1 1 1 1 1 1 1 1 1
Case #796: 20 2 2 2 2 2 2 2 2 2 2 2 3 3 7 1 1 1 1 1 1
Case #797: 14 2 3 3 5 5 5 11 1 1 1 1 1 1 1
Case #798: 21 2 2 2 2 2 2 2 2 3 3 3 3 5 1 1 1 1 1 1 1 1
Case #799: 18 2 3 3 5 5 5 7 1 1 1 1 1 1 1 1 1 1 1
Case #800: -1
Case #801: 20 2 2 2 2 2 2 2 2 2 2 2 2 2 2 2 3 5 1 1 1
Case #802: -1
Case #803: 31 2 2 2 2 7 1 1 1 1 1 1 1 1 1 1 1 1 1 1 1 1 1 1 1 1 1 1 1 1 1 1
Case #804: -1
Case #805: 24 2 2 2 2 2 3 3 3 3 3 3 1 1 1 1 1 1 1 1 1 1 1 1 1
Case #806: 20 2 2 2 3 3 3 3 3 5 5 1 1 1 1 1 1 1 1 1 1
Case #807: 13 2 2 2 2 3 3 3 3 5 13 1 1 1
Case #808: -1
Case #809: 12 2 2 2 2 2 3 3 5 17 1 1 1
Case #810: 20 2 2 2 2 2 2 2 2 2 2 2 3 5 5 1 1 1 1 1 1
Case #811: 16 2 2 2 2 2 2 2 2 2 3 3 7 7 1 1 1
Case #812: 22 2 2 2 2 2 2 2 3 3 3 7 1 1 1 1 1 1 1 1 1 1 1
Case #813: -1
Case #814: 17 2 2 2 2 2 2 3 3 3 13 1 1 1 1 1 1 1
Case #815: 14 2 2 2 5 5 5 7 7 1 1 1 1 1 1
Case #816: 17 2 2 3 3 3 5 5 5 5 1 1 1 1 1 1 1 1
Case #817: -1
Case #818: 25 2 2 3 5 5 5 1 1 1 1 1 1 1 1 1 1 1 1 1 1 1 1 1 1 1
Case #819: 19 2 2 3 3 3 3 3 3 5 5 1 1 1 1 1 1 1 1 1
Case #820: 8 2 2 2 3 29 1 1 1
Case #821: -1
Case #822: 24 2 2 2 2 2 2 2 3 5 5 1 1 1 1 1 1 1 1 1 1 1 1 1 1
Case #823: -1
Case #824: 26 2 3 3 5 7 1 1 1 1 1 1 1 1 1 1 1 1 1 1 1 1 1 1 1 1 1
Case #825: 17 2 2 3 3 3 3 5 11 1 1 1 1 1 1 1 1 1
Case #826: 18 2 2 2 2 2 2 2 2 2 3 3 11 1 1 1 1 1 1
Case #827: 16 2 2 2 3 3 3 5 13 1 1 1 1 1 1 1 1
Case #828: 15 2 2 2 2 3 3 3 3 3 13 1 1 1 1 1
Case #829: -1
Case #830: -1
Case #831: 19 2 2 2 2 3 17 1 1 1 1 1 1 1 1 1 1 1 1 1
Case #832: 15 2 2 2 2 3 3 3 3 5 11 1 1 1 1 1
Case #833: 12 2 29 1 1 1 1 1 1 1 1 1 1
Case #834: -1
Case #835: 32 2 2 2 7 1 1 1 1 1 1 1 1 1 1 1 1 1 1 1 1 1 1 1 1 1 1 1 1 1 1 1 1
Case #836: 13 2 2 3 3 3 3 5 5 11 1 1 1 1
Case #837: 23 2 2 2 2 2 2 2 2 2 2 2 2 3 3 3 1 1 1 1 1 1 1 1
Case #838: 16 2 2 2 3 3 7 7 7 1 1 1 1 1 1 1 1
Case #839: 21 2 2 2 2 2 2 2 2 3 5 7 1 1 1 1 1 1 1 1 1 1
Case #840: 18 2 2 2 2 2 2 2 2 2 3 5 5 5 1 1 1 1 1
Case #841: 33 3 3 3 3 1 1 1 1 1 1 1 1 1 1 1 1 1 1 1 1 1 1 1 1 1 1 1 1 1 1 1 1 1
Case #842: 17 2 2 2 2 3 3 3 3 5 5 5 1 1 1 1 1 1
Case #843: 16 2 2 2 2 2 3 3 3 3 5 5 5 1 1 1 1
Case #844: 13 2 2 2 2 3 3 5 5 7 7 1 1 1
Case #845: 16 2 2 2 2 2 3 3 3 3 3 11 1 1 1 1 1
Case #846: 20 2 3 3 7 11 1 1 1 1 1 1 1 1 1 1 1 1 1 1 1
Case #847: 37 3 3 1 1 1 1 1 1 1 1 1 1 1 1 1 1 1 1 1 1 1 1 1 1 1 1 1 1 1 1 1 1 1 1 1 1 1
Case #848: 23 3 3 3 7 7 1 1 1 1 1 1 1 1 1 1 1 1 1 1 1 1 1 1
Case #849: -1
Case #850: 17 2 2 2 2 3 3 3 3 3 3 3 3 5 1 1 1 1
Case #851: 22 2 2 2 2 2 2 2 2 2 3 3 3 3 3 1 1 1 1 1 1 1 1
Case #852: 22 2 2 2 2 2 3 3 3 5 5 1 1 1 1 1 1 1 1 1 1 1 1
Case #853: 19 2 2 2 2 2 2 2 2 2 2 3 3 5 5 1 1 1 1 1
Case #854: 23 2 2 17 1 1 1 1 1 1 1 1 1 1 1 1 1 1 1 1 1 1 1 1
Case #855: 23 2 2 3 3 7 7 1 1 1 1 1 1 1 1 1 1 1 1 1 1 1 1 1
Case #856: 16 2 3 3 3 3 3 3 5 5 5 1 1 1 1 1 1
Case #857: 15 2 2 2 2 3 3 3 5 5 5 5 1 1 1 1
Case #858: 18 2 3 3 3 5 5 5 5 1 1 1 1 1 1 1 1 1 1
Case #859: 16 2 3 3 3 3 3 5 5 7 1 1 1 1 1 1 1
Case #860: 32 2 2 2 2 2 3 3 1 1 1 1 1 1 1 1 1 1 1 1 1 1 1 1 1 1 1 1 1 1 1 1 1
Case #861: 10 2 2 2 2 2 3 13 13 1 1
Case #862: 25 2 2 2 2 3 3 3 3 3 3 1 1 1 1 1 1 1 1 1 1 1 1 1 1 1
Case #863: 15 2 2 2 2 2 2 3 3 5 5 5 5 1 1 1
Case #864: 21 2 2 2 2 3 5 5 7 1 1 1 1 1 1 1 1 1 1 1 1 1
Case #865: 17 3 23 1 1 1 1 1 1 1 1 1 1 1 1 1 1 1
Case #866: 28 2 3 11 1 1 1 1 1 1 1 1 1 1 1 1 1 1 1 1 1 1 1 1 1 1 1 1 1
Case #867: -1
Case #868: -1
Case #869: 21 2 2 2 2 2 2 2 2 3 3 5 5 1 1 1 1 1 1 1 1 1
Case #870: -1
Case #871: 21 2 2 2 2 2 2 3 5 5 5 1 1 1 1 1 1 1 1 1 1 1
Case #872: 11 2 2 2 2 3 3 11 13 1 1 1
Case #873: 25 17 1 1 1 1 1 1 1 1 1 1 1 1 1 1 1 1 1 1 1 1 1 1 1 1
Case #874: 6 2 3 5 7 11 13
Case #875: 29 13 1 1 1 1 1 1 1 1 1 1 1 1 1 1 1 1 1 1 1 1 1 1 1 1 1 1 1 1
Case #876: 25 2 2 2 2 2 2 2 2 5 5 1 1 1 1 1 1 1 1 1 1 1 1 1 1 1
Case #877: 22 2 2 2 2 2 2 2 3 3 3 3 5 1 1 1 1 1 1 1 1 1 1
Case #878: 12 2 3 3 5 5 5 7 7 1 1 1 1
Case #879: 15 2 2 3 3 3 5 5 11 1 1 1 1 1 1 1
Case #880: 6 2 17 19 1 1 1
Case #881: 21 2 2 2 2 3 3 3 3 5 5 1 1 1 1 1 1 1 1 1 1 1
Case #882: 22 2 2 2 2 2 2 2 2 2 2 2 2 2 3 5 1 1 1 1 1 1 1
Case #883: 13 2 2 3 3 5 7 7 7 1 1 1 1 1
Case #884: 16 2 3 5 5 5 11 1 1 1 1 1 1 1 1 1 1
Case #885: 16 2 2 2 2 2 2 2 2 2 5 7 7 1 1 1 1
Case #886: 26 2 2 2 2 2 2 2 2 2 7 1 1 1 1 1 1 1 1 1 1 1 1 1 1 1 1
Case #887: 18 2 2 2 2 2 2 2 3 3 3 3 3 7 1 1 1 1 1
Case #888: 23 2 2 2 2 2 2 2 2 2 2 3 3 3 3 1 1 1 1 1 1 1 1 1
Case #889: -1
Case #890: 23 2 2 2 2 3 3 11 1 1 1 1 1 1 1 1 1 1 1 1 1 1 1 1
Case #891: 21 3 19 1 1 1 1 1 1 1 1 1 1 1 1 1 1 1 1 1 1 1
Case #892: 12 2 2 2 3 3 3 5 7 11 1 1 1
Case #893: 21 2 2 3 3 5 5 7 1 1 1 1 1 1 1 1 1 1 1 1 1 1
Case #894: 23 2 2 2 2 3 5 5 5 1 1 1 1 1 1 1 1 1 1 1 1 1 1 1
Case #895: 18 2 2 2 2 2 2 2 3 3 3 3 3 3 5 1 1 1 1
Case #896: 21 2 2 3 3 3 3 11 1 1 1 1 1 1 1 1 1 1 1 1 1 1
Case #897: 13 5 7 19 1 1 1 1 1 1 1 1 1 1
Case #898: 39 3 1 1 1 1 1 1 1 1 1 1 1 1 1 1 1 1 1 1 1 1 1 1 1 1 1 1 1 1 1 1 1 1 1 1 1 1 1 1
Case #899: 11 2 2 2 2 3 5 5 5 13 1 1
Case #900: 17 2 2 2 2 2 2 7 7 7 1 1 1 1 1 1 1 1
Case #901: 18 2 2 2 3 3 3 5 5 7 1 1 1 1 1 1 1 1 1
Case #902: -1
Case #903: -1
Case #904: 18 2 2 2 2 2 3 3 3 3 3 3 7 1 1 1 1 1 1
Case #905: 9 2 2 2 2 3 11 17 1 1
Case #906: 13 2 2 3 3 3 5 5 7 7 1 1 1 1
Case #907: 18 2 2 2 2 2 2 2 2 2 5 5 7 1 1 1 1 1 1
Case #908: -1
Case #909: 23 2 2 2 2 2 2 2 2 3 3 7 1 1 1 1 1 1 1 1 1 1 1 1
Case #910: 22 2 2 2 3 3 3 3 5 5 1 1 1 1 1 1 1 1 1 1 1 1 1
Case #911: 28 2 2 2 11 1 1 1 1 1 1 1 1 1 1 1 1 1 1 1 1 1 1 1 1 1 1 1 1
Case #912: 27 2 2 2 2 3 3 7 1 1 1 1 1 1 1 1 1 1 1 1 1 1 1 1 1 1 1 1
Case #913: 19 2 2 2 2 3 3 3 3 3 5 5 1 1 1 1 1 1 1 1
Case #914: 15 2 2 2 2 2 2 2 2 3 5 5 5 5 1 1
Case #915: 19 2 2 2 2 2 2 5 13 1 1 1 1 1 1 1 1 1 1 1
Case #916: -1
Case #917: 23 2 2 2 2 2 2 2 2 5 7 1 1 1 1 1 1 1 1 1 1 1 1 1
Case #918: 13 2 2 3 3 3 3 3 17 1 1 1 1 1
Case #919: -1
Case #920: 28 2 2 2 2 2 2 2 3 5 1 1 1 1 1 1 1 1 1 1 1 1 1 1 1 1 1 1 1
Case #921: 32 2 2 2 2 2 5 1 1 1 1 1 1 1 1 1 1 1 1 1 1 1 1 1 1 1 1 1 1 1 1 1 1
Case #922: 26 2 2 2 2 2 2 2 2 2 2 2 3 3 1 1 1 1 1 1 1 1 1 1 1 1 1
Case #923: -1
Case #924: 22 2 2 2 2 2 2 2 2 2 3 3 7 1 1 1 1 1 1 1 1 1 1
Case #925: -1
Case #926: 30 2 3 3 7 1 1 1 1 1 1 1 1 1 1 1 1 1 1 1 1 1 1 1 1 1 1 1 1 1 1
Case #927: -1
Case #928: 17 2 2 2 2 2 2 2 2 3 3 5 5 5 1 1 1 1
Case #929: 19 23 1 1 1 1 1 1 1 1 1 1 1 1 1 1 1 1 1 1
Case #930: 19 2 2 2 2 2 2 2 2 3 3 3 3 3 5 1 1 1 1 1
Case #931: -1
Case #932: 16 2 2 2 2 2 3 3 17 1 1 1 1 1 1 1 1
Case #933: 17 2 2 2 2 3 3 3 3 3 5 7 1 1 1 1 1 1
Case #934: 13 2 2 2 2 3 5 7 13 1 1 1 1 1
Case #935: 14 2 2 2 2 2 3 5 7 11 1 1 1 1 1
Case #936: 28 2 2 2 2 2 2 2 2 2 5 1 1 1 1 1 1 1 1 1 1 1 1 1 1 1 1 1 1
Case #937: -1
Case #938: 11 31 1 1 1 1 1 1 1 1 1 1
Case #939: -1
Case #940: 16 2 2 2 3 3 7 13 1 1 1 1 1 1 1 1 1
Case #941: 14 2 2 2 2 2 2 2 2 2 3 7 11 1 1
Case #942: -1
Case #943: 22 2 2 2 2 2 2 2 3 3 3 3 3 3 1 1 1 1 1 1 1 1 1
Case #944: 17 2 2 2 2 2 2 3 3 5 11 1 1 1 1 1 1 1
Case #945: 20 2 3 5 5 5 7 1 1 1 1 1 1 1 1 1 1 1 1 1 1
Case #946: 21 2 2 3 5 5 5 5 1 1 1 1 1 1 1 1 1 1 1 1 1 1
Case #947: 10 2 2 2 3 5 7 7 11 1 1
Case #948: -1
Case #949: 17 2 2 2 2 2 2 2 2 2 2 3 3 5 7 1 1 1
Case #950: 18 2 2 2 2 2 5 5 5 7 1 1 1 1 1 1 1 1 1
Case #951: 18 2 2 2 2 2 2 2 2 2 2 2 3 3 5 5 1 1 1
Case #952: 12 2 2 2 2 2 2 2 3 11 11 1 1
Case #953: 23 2 2 3 3 3 5 7 1 1 1 1 1 1 1 1 1 1 1 1 1 1 1 1
Case #954: -1
Case #955: 23 2 2 2 2 2 2 2 2 3 3 3 3 3 1 1 1 1 1 1 1 1 1 1
Case #956: 25 2 2 3 3 3 3 7 1 1 1 1 1 1 1 1 1 1 1 1 1 1 1 1 1 1
Case #957: 32 2 5 5 1 1 1 1 1 1 1 1 1 1 1 1 1 1 1 1 1 1 1 1 1 1 1 1 1 1 1 1 1
Case #958: 13 2 2 5 5 7 13 1 1 1 1 1 1 1
Case #959: 25 2 2 3 3 5 7 1 1 1 1 1 1 1 1 1 1 1 1 1 1 1 1 1 1 1
Case #960: 31 2 2 3 3 5 1 1 1 1 1 1 1 1 1 1 1 1 1 1 1 1 1 1 1 1 1 1 1 1 1 1
Case #961: 21 2 2 2 2 2 2 2 2 2 2 2 2 3 3 5 1 1 1 1 1 1
Case #962: 14 2 2 2 3 3 3 3 5 5 5 5 1 1 1
Case #963: 27 3 3 3 3 3 5 1 1 1 1 1 1 1 1 1 1 1 1 1 1 1 1 1 1 1 1 1
Case #964: 14 2 2 2 2 2 3 3 3 5 7 7 1 1 1
Case #965: 24 2 3 3 3 5 7 1 1 1 1 1 1 1 1 1 1 1 1 1 1 1 1 1 1