965
4536
12768
1001
118
80640
957262828
2200
7938
194400
17550
60
697106497
408240
5400
13860
987
49896
56700
672
32805
22176
540
3960
22500
107520
2940
43680
2016
11016
5760
38016
559
116640
7200
91
103
546750
37440
476014
36283838
56448
81648
104
300
71
24
5304
989447237
121500
1440
6765
6
73728
28512
1000000000
3900
983900459
3375
336000
44928
17920
2304
145152
6075
33696
172032
388800
16800
129600
276480
393660
70200
52
18720
5200
1620
504
441
33108
971866761
938017885
76800
23400
4539685
100800
34
5601
272160
20480
5040
189
4733
8772
302400
226800
108000
22680
84480
42120
8748
900360029
57624
83
52800
80949857
954158175
314928
4675
42
39936
1056
72000
16380
10560
2400
3240
81000
64922375
5
245760
4032
1530
11340
57024
50000
21504
32
916855204
108864
24576
14400
73
214573
22
34944
2618049
1944
150000
58320
28672
268800
67200
74880
31104
375000
23232
33600
567
4158
32768
2000
127008
193
96228
301056
169344
3360
142560
622080
4704
224
4480
2352
151200
282791
31200
6399199
746803744
2520
14112
15400
47628
30240
63
16464
202500
94770
1701
2
2431
47
346742385
104976
75600
96000
349920
215040
10368
999999937
65536
1800
4320
518400
40950
64
11232
19800
9409159
5625
125
13230
79200
4655
5280
2376
5073
15876
3528
13500
12672
43740
48
112000
109
3645
519
81920
8448
12800
74088
6720
474
216000
19
1680
66150
10260
236250
2160
48238
7392
72
12150
14560
49500
45
13056
576
9216
47958485
198450
63180
27720
60480
700
2730
7056
4725
49392
9827
11000
8087519
9800
14
88704
15552
5520
84000
115
30
11085765
2097152
4752
72576
432000
1600
180000
64152
15120
5824
226151256
48384
912
43200
69888
91857
6750
7680
67
241920
124
115200
11
18000
5376
233280
2070
70000
135000
589833267
161280
76
97
7
1001604
7560
77
129
170
58800
322081025
118263990
10752
44550
396
117
33
30973
192
53760
59136
74
27184698
1134
10080
33792
108
10
327680
17640
145800
17280
116
768
391
135
782
8640
243000
133650
84
5184
9489
66528
2688
331776
94080
63504
22848
42755209
21
59
87480
8316
128000
28080
113
27216
472392
1904
3456
48510
44
395
43
8
186624
53940
2906162
64512
15390
49920
10500
934
699840
52488
9240
122
2340
38400
34300
52416
26460
126720
31752
61440
115248
26
1520
28800
2310
95256
157464
1824
5120
78
5657
35640
4488
23760
552960
121
209952
19440
112896
23814
4312
12000
900
70560
168960
1817
60000
144000
19200
39600
16000
139968
20328
16320
28
281250
114688
23115571
56160
48000
259200
688978813
90
120
200000
10800
105000
9180
49
4560
3264
967669583
102
15680
248832
964532929
34560
55
65
240000
1000000
1
45360
18240
362
468
147456
1728
546
21383
323
80
77760
7025
12960
362880
2592
8424
786432
201600
131220
42336
45000
41472
105840
655360
168000
5600
430080
57344
163840
86
4680
3510
9408
40824
23100
27000
69984
7040
99
141120
49152
118800
4620
29250
95
7920
1741
262440
4788
99840
2403381
63000
94
29120
34020
49280
38497
92160
864
281
85
6480
6840
7296
34111
7389
8064
58054077
8624
96768
4050
4200
35280
3024
5616
25920
35100
32640
486000
653477439
12870
2707
999999999
4943
51
10240
12096
54600
38
194241
40960
221184
244944
106
5346
442368
13824
1960
9425
4608
11264
70235461
7390
15
75264
33401221
54
32076
35
8347
1615
36
38880
291600
19656
32000
5016
25600
18816
19008
29400
207360
68040
2025
25200
2430
92317161
85881
132000
20
1249
3168
14336
8100
6930
998506315
20736
459270
87
235200
62
69120
5000
95040
4000
904152917
15288
46
29484
9000
123
14700
35503
279936
961175759
3157819
31590
100696425
3696
216
12544
204120
179200
420
12348
93
31500
170100
2640
76032
86016
22950
5297
23040
123480
4914
725573
164640
120000
10000
2880
40320
414720
3600
36864
393216
94500
583200
71805
6600
510205
7776
86400
84579
25002
587234
55296
1848
134400
3120
13122
40
10710
7128
32670
1100
3312
42768
373248
4800
98
3000
9450
361
75
1836
8015864
294912
174960
787320
37
340200
98304
12288
52920
51030
9900
29952
2720
409342369
47040
29
4
8826131
673921
3888
34848
501
4410
21168
20160
30720
101
67584
61966
128
24300
792
150528
813
25490988
1048576
2736
482421315
5721
621008
345600
99000
5808
8000
998244353
122877509
63360
25
457481
59400
640
448
473
41580
252000
107
78750
8208
119
92
70400
1671
50400
16
999999998
46080
105600
102060
27456
5940
7290
3072
300000
21870
256000
2250
15840
193536
18480
2100
155520
105
4374
306180
142884
9504
307200
90720
641
92400
54880
17136
79
1512
101250
54432
660
41600
6804
131
29160
65610
44800
165888
181440
810
3864
969
20000
14688
196608
42105
70
21384
7785
524288
64800
110
949106497
1632
17424
364500
981028563
96
21000
12240
13680
368640
138240
2600
18
8320
8550
13440
54000
85712697
614400
42000
111
98415
2156
129024
24750
103680
15750
79548
491520
6037
112
5044
23328
48600
84240
536870912
24480
153600
225792
24192
6541551
22464
49000
67500
131980
1500
72900
696
926315427
9600
986129769
630
17820
50688
14040
50544
53
3509575
816
71280
58
127
56
89100
110592
24696
26880
192000
81
162000
324000
176400
85536
1386
9
1323
922505446
524880
124416
21600
230400
68
1764
182250
270000
33750
85050
288
16224
11664
360000
8400
69
66
82268566
517759
57600
8372259
24000
20592
17
30030
13
6400
51840
110250
29700
646
32400
122880
61740
8250
125440
3584
217728
82944
4173641
1584
57
83160
6300
6000
466560
3564
665
3
78000
21952
37800
633
432255
163296
8976
132300
89600
8660
16128
16200
88
1008
97200
480000
4160
89
8960
16524
47473
1920
160
18432
5767201
32256
67893369
126
7455307
288000
23
311040
625433749
4896
136080
21840
36960
2560
3371
31
994617
6552
118272
257
93312
31680
5250
7500
64680
7897861
322560
28000
460800
46464
3780
805306368
62208
2268
50
9100
1260
180
184320
405000
1215
211680
1890
